t		Berechnungsdauer
0		0.957546
1		1.73741
2		2.50117
3		3.24343
4		3.97056
5		4.69858
6		5.4353
7		6.1626
8		6.88539
9		7.61913
10		8.34714
11		9.08485
12		9.82614
13		10.5504
14		11.2947
15		12.0213
16		12.7497
17		13.503
18		14.2277
19		14.9576
20		15.7024
21		16.4238
22		17.1627
23		17.8907
24		18.626
25		19.368
26		20.1084
27		20.8703
28		21.6191
29		22.3414
30		23.107
31		23.8637
32		24.6224
33		25.3564
34		26.1231
35		26.8664
36		27.5995
37		28.3711
38		29.1248
39		29.8701
40		30.6678
41		31.4141
42		32.1428
43		32.8792
44		33.6124
45		34.3471
46		35.0849
47		35.8349
48		36.5817
49		37.3388
50		38.1149
51		38.8494
52		39.5743
53		40.3001
54		41.0376
55		41.788
56		42.5189
57		43.2638
58		44.0254
59		44.7582
60		45.4912
61		46.2445
62		46.9837
63		47.7248
64		48.4588
65		49.182
66		49.915
67		50.6555
68		51.4268
69		52.1753
70		52.9172
71		53.6352
72		54.3688
73		55.092
74		55.8187
75		56.5593
76		57.2843
77		58.0107
78		58.7475
79		59.4779
80		60.2541
81		60.9787
82		61.7063
83		62.4466
84		63.2083
85		63.9358
86		64.7018
87		65.4356
88		66.1679
89		66.8907
90		67.6464
91		68.3689
92		69.1059
93		69.8227
94		70.5411
95		71.2794
96		72.0191
97		72.7547
98		73.5034
99		74.2635
100		75.0109
101		75.7602
102		76.5119
103		77.2501
104		78.0111
105		78.7437
106		79.478
107		80.218
108		80.9725
109		81.7053
110		82.4385
111		83.1821
112		83.9466
113		84.7011
114		85.423
115		86.2009
116		86.9412
117		87.6723
118		88.4005
119		89.1562
120		89.8961
121		90.6481
122		91.4125
123		92.167
124		92.9131
125		93.6604
126		94.3964
127		95.1683
128		95.8907
129		96.6206
130		97.3363
131		98.0569
132		98.7814
133		99.5089
134		100.23
135		100.968
136		101.714
137		102.444
138		103.22
139		103.958
140		104.702
141		105.431
142		106.196
143		106.929
144		107.669
145		108.397
146		109.135
147		109.871
148		110.608
149		111.376
150		112.103
151		112.827
152		113.566
153		114.336
154		115.07
155		115.833
156		116.566
157		117.306
158		118.042
159		118.781
160		119.531
161		120.256
162		121.02
163		121.757
164		122.498
165		123.238
166		123.998
167		124.731
168		125.486
169		126.245
170		126.985
171		127.716
172		128.456
173		129.189
174		129.936
175		130.682
176		131.414
177		132.158
178		132.9
179		133.638
180		134.364
181		135.106
182		135.855
183		136.587
184		137.327
185		138.071
186		138.811
187		139.544
188		140.306
189		141.071
190		141.799
191		142.579
192		143.315
193		144.071
194		144.817
195		145.545
196		146.308
197		147.066
198		147.8
199		148.55
200		149.392
201		150.154
202		150.923
203		151.69
204		152.435
205		153.175
206		153.92
207		154.655
208		155.373
209		156.125
210		156.883
211		157.616
212		158.354
213		159.085
214		159.853
215		160.582
216		161.345
217		162.082
218		162.804
219		163.525
220		164.287
221		165.016
222		165.773
223		166.513
224		167.266
225		168.079
226		168.807
227		169.541
228		170.265
229		171.008
230		171.757
231		172.471
232		173.227
233		173.972
234		174.694
235		175.419
236		176.181
237		176.922
238		177.699
239		178.439
240		179.174
241		179.905
242		180.649
243		181.381
244		182.129
245		182.845
246		183.619
247		184.358
248		185.108
249		185.858
250		186.588
251		187.325
252		188.057
253		188.794
254		189.535
255		190.271
256		190.996
257		191.738
258		192.472
259		193.201
260		193.973
261		194.704
262		195.435
263		196.181
264		196.921
265		197.644
266		198.36
267		199.104
268		199.823
269		200.565
270		201.306
271		202.044
272		202.819
273		203.547
274		204.304
275		205.038
276		205.805
277		206.535
278		207.255
279		207.985
280		208.72
281		209.485
282		210.21
283		210.991
284		211.711
285		212.468
286		213.197
287		213.931
288		214.666
289		215.39
290		216.126
291		216.861
292		217.595
293		218.319
294		219.061
295		219.796
296		220.533
297		221.312
298		222.055
299		222.816
300		223.526
301		224.289
302		225.062
303		225.81
304		226.536
305		227.274
306		228.014
307		228.742
308		229.479
309		230.233
310		230.975
311		231.712
312		232.445
313		233.203
314		233.96
315		234.716
316		235.445
317		236.18
318		236.907
319		237.632
320		238.362
321		239.102
322		239.855
323		240.574
324		241.308
325		242.042
326		242.803
327		243.536
328		244.282
329		245.047
330		245.792
331		246.521
332		247.246
333		247.986
334		248.727
335		249.461
336		250.202
337		250.937
338		251.654
339		252.401
340		253.166
341		253.907
342		254.626
343		255.359
344		256.136
345		256.878
346		257.627
347		258.358
348		259.095
349		259.822
350		260.576
351		261.312
352		262.077
353		262.851
354		263.579
355		264.311
356		265.044
357		265.782
358		266.511
359		267.249
360		267.978
361		268.726
362		269.489
363		270.233
364		270.999
365		271.751
366		272.478
367		273.226
368		273.992
369		274.723
370		275.44
371		276.205
372		276.932
373		277.655
374		278.406
375		279.119
376		279.835
377		280.562
378		281.302
379		282.046
380		282.776
381		283.504
382		284.243
383		284.982
384		285.741
385		286.466
386		287.184
387		287.978
388		288.7
389		289.46
390		290.2
391		290.964
392		291.693
393		292.43
394		293.174
395		293.903
396		294.645
397		295.387
398		296.128
399		296.888
400		297.609
401		298.341
402		299.07
403		299.827
404		300.564
405		301.294
406		302.036
407		302.817
408		303.568
409		304.319
410		305.048
411		305.787
412		306.531
413		307.281
414		308.012
415		308.743
416		309.471
417		310.236
418		310.973
419		311.701
420		312.437
421		313.167
422		313.896
423		314.653
424		315.39
425		316.139
426		316.865
427		317.592
428		318.317
429		319.058
430		319.806
431		320.539
432		321.275
433		321.993
434		322.735
435		323.464
436		324.226
437		324.957
438		325.689
439		326.425
440		327.179
441		327.904
442		328.655
443		329.387
444		330.125
445		330.895
446		331.689
447		332.427
448		333.185
449		333.922
450		334.645
451		335.382
452		336.159
453		336.936
454		337.666
455		338.426
456		339.181
457		339.9
458		340.651
459		341.425
460		342.177
461		342.907
462		343.635
463		344.362
464		345.11
465		345.834
466		346.563
467		347.295
468		348.053
469		348.803
470		349.556
471		350.28
472		351.059
473		351.791
474		352.525
475		353.289
476		354.042
477		354.777
478		355.518
479		356.253
480		356.992
481		357.737
482		358.463
483		359.204
484		359.923
485		360.656
486		361.389
487		362.11
488		362.867
489		363.597
490		364.332
491		365.085
492		365.831
493		366.57
494		367.329
495		368.076
496		368.804
497		369.552
498		370.283
499		371.032
500		371.764
501		372.489
502		373.263
503		373.988
504		374.713
505		375.478
506		376.208
507		376.955
508		377.702
509		378.426
510		379.189
511		379.926
512		380.665
513		381.417
514		382.204
515		382.926
516		383.645
517		384.386
518		385.133
519		385.881
520		386.611
521		387.364
522		388.114
523		388.825
524		389.559
525		390.326
526		391.107
527		391.888
528		392.626
529		393.361
530		394.093
531		394.818
532		395.552
533		396.285
534		397.048
535		397.786
536		398.52
537		399.28
538		400.022
539		400.744
540		401.486
541		402.221
542		402.968
543		403.709
544		404.441
545		405.183
546		405.932
547		406.662
548		407.408
549		408.166
550		408.896
551		409.634
552		410.358
553		411.125
554		411.851
555		412.58
556		413.33
557		414.094
558		414.808
559		415.542
560		416.297
561		417.029
562		417.768
563		418.501
564		419.222
565		419.947
566		420.689
567		421.454
568		422.193
569		422.956
570		423.722
571		424.491
572		425.256
573		426.02
574		426.772
575		427.497
576		428.246
577		428.99
578		429.714
579		430.442
580		431.195
581		431.95
582		432.696
583		433.422
584		434.16
585		434.951
586		435.715
587		436.448
588		437.189
589		437.908
590		438.638
591		439.374
592		440.15
593		440.893
594		441.611
595		442.345
596		443.11
597		443.841
598		444.573
599		445.31
600		446.079
601		446.811
602		447.539
603		448.293
604		449.044
605		449.767
606		450.489
607		451.25
608		451.99
609		452.727
610		453.454
611		454.198
612		454.957
613		455.707
614		456.444
615		457.179
616		457.904
617		458.647
618		459.382
619		460.16
620		460.901
621		461.631
622		462.365
623		463.115
624		463.837
625		464.568
626		465.323
627		466.072
628		466.8
629		467.537
630		468.273
631		469.004
632		469.732
633		470.455
634		471.197
635		471.952
636		472.685
637		473.437
638		474.175
639		474.924
640		475.662
641		476.396
642		477.127
643		477.884
644		478.607
645		479.331
646		480.063
647		480.811
648		481.556
649		482.289
650		483.034
651		483.766
652		484.516
653		485.245
654		485.966
655		486.69
656		487.432
657		488.159
658		488.932
659		489.669
660		490.431
661		491.212
662		491.953
663		492.692
664		493.43
665		494.186
666		494.965
667		495.697
668		496.431
669		497.193
670		497.925
671		498.679
672		499.39
673		500.134
674		500.867
675		501.605
676		502.333
677		503.055
678		503.785
679		504.509
680		505.256
681		505.996
682		506.746
683		507.491
684		508.239
685		508.991
686		509.747
687		510.486
688		511.258
689		511.998
690		512.76
691		513.499
692		514.227
693		514.99
694		515.716
695		516.488
696		517.237
697		517.959
698		518.692
699		519.434
700		520.159
701		520.914
702		521.634
703		522.392
704		523.14
705		523.879
706		524.645
707		525.378
708		526.137
709		526.862
710		527.625
711		528.397
712		529.127
713		529.896
714		530.627
715		531.377
716		532.109
717		532.882
718		533.636
719		534.361
720		535.119
721		535.867
722		536.607
723		537.347
724		538.084
725		538.825
726		539.578
727		540.337
728		541.063
729		541.804
730		542.54
731		543.293
732		544.054
733		544.77
734		545.497
735		546.23
736		546.98
737		547.699
738		548.448
739		549.194
740		549.931
741		550.654
742		551.42
743		552.154
744		552.89
745		553.61
746		554.34
747		555.104
748		555.882
749		556.623
750		557.373
751		558.093
752		558.865
753		559.597
754		560.325
755		561.062
756		561.799
757		562.556
758		563.325
759		564.079
760		564.815
761		565.543
762		566.293
763		567.064
764		567.802
765		568.529
766		569.252
767		569.981
768		570.721
769		571.464
770		572.184
771		572.945
772		573.672
773		574.42
774		575.154
775		575.898
776		576.627
777		577.365
778		578.12
779		578.857
780		579.592
781		580.326
782		581.054
783		581.788
784		582.522
785		583.274
786		584.029
787		584.765
788		585.498
789		586.237
790		586.977
791		587.708
792		588.449
793		589.184
794		589.932
795		590.674
796		591.413
797		592.163
798		592.908
799		593.658
800		594.397
801		595.126
802		595.865
803		596.589
804		597.319
805		598.047
806		598.808
807		599.564
808		600.291
809		601.066
810		601.799
811		602.511
812		603.243
813		604.017
814		604.762
815		605.517
816		606.282
817		607.016
818		607.799
819		608.544
820		609.281
821		609.997
822		610.738
823		611.469
824		612.198
825		612.956
826		613.704
827		614.456
828		615.239
829		615.97
830		616.699
831		617.425
832		618.15
833		618.869
834		619.598
835		620.338
836		621.074
837		621.795
838		622.529
839		623.259
840		624.015
841		624.754
842		625.476
843		626.225
844		626.944
845		627.668
846		628.419
847		629.179
848		629.919
849		630.686
850		631.438
851		632.168
852		632.92
853		633.649
854		634.378
855		635.122
856		635.869
857		636.597
858		637.343
859		638.068
860		638.805
861		639.545
862		640.316
863		641.073
864		641.803
865		642.531
866		643.298
867		644.03
868		644.79
869		645.511
870		646.238
871		646.98
872		647.738
873		648.471
874		649.199
875		649.936
876		650.672
877		651.402
878		652.146
879		652.883
880		653.664
881		654.397
882		655.138
883		655.884
884		656.599
885		657.315
886		658.081
887		658.812
888		659.571
889		660.311
890		661.086
891		661.825
892		662.563
893		663.285
894		664.006
895		664.73
896		665.455
897		666.21
898		666.941
899		667.674
900		668.406
901		669.138
902		669.862
903		670.642
904		671.38
905		672.1
906		672.851
907		673.589
908		674.333
909		675.077
910		675.838
911		676.552
912		677.282
913		678.06
914		678.779
915		679.509
916		680.254
917		681.023
918		681.748
919		682.483
920		683.219
921		683.941
922		684.663
923		685.405
924		686.141
925		686.874
926		687.625
927		688.359
928		689.096
929		689.838
930		690.591
931		691.385
932		692.096
933		692.824
934		693.554
935		694.306
936		695.033
937		695.762
938		696.506
939		697.239
940		697.99
941		698.75
942		699.494
943		700.255
944		701.002
945		701.757
946		702.487
947		703.222
948		703.978
949		704.727
950		705.449
951		706.173
952		706.896
953		707.639
954		708.4
955		709.142
956		709.877
957		710.621
958		711.381
959		712.111
960		712.849
961		713.593
962		714.329
963		715.052
964		715.834
965		716.565
966		717.285
967		718.039
968		718.767
969		719.497
970		720.249
971		720.985
972		721.706
973		722.438
974		723.175
975		723.938
976		724.678
977		725.45
978		726.182
979		726.905
980		727.626
981		728.387
982		729.117
983		729.843
984		730.579
985		731.311
986		732.039
987		732.825
988		733.57
989		734.322
990		735.071
991		735.836
992		736.557
993		737.295
994		738.021
995		738.769
996		739.501
997		740.231
998		740.986
999		741.71
1000		742.432
