t		Berechnungsdauer
0		0.0152977
1		0.0272204
2		0.0488989
3		0.0610717
4		0.076186
5		0.0891299
6		0.101119
7		0.114042
8		0.126062
9		0.138796
10		0.152906
11		0.165194
12		0.176759
13		0.192282
14		0.204761
15		0.21635
16		0.232555
17		0.24417
18		0.256756
19		0.271858
20		0.284754
21		0.296279
22		0.308758
23		0.32221
24		0.335035
25		0.35071
26		0.376986
27		0.388968
28		0.40668
29		0.418861
30		0.430558
31		0.442194
32		0.453916
33		0.464783
34		0.475743
35		0.486796
36		0.497276
37		0.507952
38		0.518542
39		0.529116
40		0.539853
41		0.55056
42		0.56109
43		0.57237
44		0.583991
45		0.595772
46		0.606833
47		0.618246
48		0.628923
49		0.63972
50		0.655696
51		0.667231
52		0.681403
53		0.692915
54		0.70429
55		0.71557
56		0.728301
57		0.739159
58		0.749983
59		0.760638
60		0.771239
61		0.782066
62		0.792747
63		0.803459
64		0.814072
65		0.824832
66		0.835271
67		0.845851
68		0.85646
69		0.867266
70		0.877789
71		0.888538
72		0.899172
73		0.909968
74		0.920496
75		0.933762
76		0.945628
77		0.959277
78		0.971269
79		0.984945
80		0.999667
81		1.0106
82		1.02156
83		1.03277
84		1.04361
85		1.05455
86		1.06512
87		1.076
88		1.08667
89		1.09749
90		1.10823
91		1.11906
92		1.12981
93		1.14055
94		1.15124
95		1.16181
96		1.17235
97		1.18289
98		1.19336
99		1.20386
100		1.21831
101		1.23105
102		1.24445
103		1.25615
104		1.26961
105		1.28137
106		1.29237
107		1.30333
108		1.3143
109		1.32524
110		1.33621
111		1.34707
112		1.35787
113		1.36877
114		1.37956
115		1.39035
116		1.4012
117		1.41202
118		1.42264
119		1.43344
120		1.44417
121		1.45486
122		1.46558
123		1.47653
124		1.48717
125		1.50133
126		1.5127
127		1.52479
128		1.53726
129		1.55093
130		1.56228
131		1.57359
132		1.58528
133		1.59626
134		1.60724
135		1.61835
136		1.62913
137		1.63996
138		1.65071
139		1.66151
140		1.6723
141		1.68329
142		1.69398
143		1.7049
144		1.7157
145		1.72633
146		1.73723
147		1.74805
148		1.75874
149		1.76959
150		1.79182
151		1.80347
152		1.81825
153		1.82976
154		1.84065
155		1.85282
156		1.86369
157		1.87449
158		1.88547
159		1.89621
160		1.90687
161		1.91784
162		1.92842
163		1.93907
164		1.94956
165		1.96031
166		1.97096
167		1.98148
168		1.99205
169		2.00272
170		2.01331
171		2.02413
172		2.03469
173		2.04519
174		2.05576
175		2.07478
176		2.08901
177		2.10097
178		2.11296
179		2.12418
180		2.1367
181		2.14785
182		2.15882
183		2.16972
184		2.18044
185		2.19121
186		2.20201
187		2.21279
188		2.22356
189		2.23441
190		2.24513
191		2.25588
192		2.26662
193		2.27808
194		2.28909
195		2.29996
196		2.31073
197		2.32145
198		2.33214
199		2.34296
200		2.36252
201		2.38464
202		2.39653
203		2.40795
204		2.41879
205		2.42949
206		2.44026
207		2.45096
208		2.46161
209		2.47224
210		2.48341
211		2.49517
212		2.50617
213		2.51693
214		2.52771
215		2.53829
216		2.54892
217		2.55956
218		2.57008
219		2.58081
220		2.59157
221		2.60237
222		2.61325
223		2.6241
224		2.63467
225		2.65087
226		2.66456
227		2.68389
228		2.69542
229		2.70649
230		2.71747
231		2.72834
232		2.73919
233		2.75001
234		2.76071
235		2.77147
236		2.78216
237		2.79299
238		2.80384
239		2.81495
240		2.82573
241		2.83665
242		2.84748
243		2.85821
244		2.86872
245		2.87948
246		2.89027
247		2.90093
248		2.9117
249		2.92241
250		2.93682
251		2.94892
252		2.96377
253		2.9752
254		2.98706
255		3.00026
256		3.01153
257		3.02267
258		3.03367
259		3.0445
260		3.05514
261		3.06598
262		3.07667
263		3.08748
264		3.09821
265		3.10898
266		3.11968
267		3.13058
268		3.14124
269		3.15207
270		3.16274
271		3.17351
272		3.1844
273		3.19527
274		3.20601
275		3.2255
276		3.23714
277		3.25127
278		3.26338
279		3.27484
280		3.28664
281		3.29764
282		3.30872
283		3.31979
284		3.33064
285		3.34161
286		3.35217
287		3.36282
288		3.3734
289		3.3842
290		3.3948
291		3.40563
292		3.41617
293		3.42703
294		3.43754
295		3.44834
296		3.45903
297		3.46963
298		3.4803
299		3.49103
300		3.50622
301		3.51852
302		3.5313
303		3.54297
304		3.55448
305		3.56592
306		3.57677
307		3.58758
308		3.59871
309		3.60945
310		3.62012
311		3.63086
312		3.64136
313		3.65196
314		3.66243
315		3.67307
316		3.68361
317		3.69422
318		3.70471
319		3.71541
320		3.72601
321		3.73674
322		3.7475
323		3.75811
324		3.76874
325		3.79258
326		3.80535
327		3.81778
328		3.82897
329		3.8425
330		3.85326
331		3.86411
332		3.87492
333		3.88571
334		3.89656
335		3.90746
336		3.91831
337		3.92921
338		3.94932
339		3.9603
340		3.97271
341		3.98361
342		3.99445
343		4.00537
344		4.01618
345		4.02691
346		4.03745
347		4.04824
348		4.05891
349		4.06956
350		4.09322
351		4.11655
352		4.12841
353		4.14084
354		4.15179
355		4.16316
356		4.17376
357		4.18456
358		4.1953
359		4.20626
360		4.21694
361		4.22767
362		4.2383
363		4.24907
364		4.26
365		4.2708
366		4.28152
367		4.29227
368		4.30286
369		4.31373
370		4.32441
371		4.3351
372		4.3456
373		4.3563
374		4.36701
375		4.37814
376		4.39036
377		4.4018
378		4.43143
379		4.44295
380		4.45452
381		4.46565
382		4.47641
383		4.48733
384		4.49816
385		4.50897
386		4.51957
387		4.53028
388		4.54089
389		4.5517
390		4.56243
391		4.57309
392		4.58381
393		4.59453
394		4.60526
395		4.61582
396		4.62628
397		4.63689
398		4.64754
399		4.65811
400		4.67024
401		4.69333
402		4.70475
403		4.71674
404		4.7275
405		4.73816
406		4.74884
407		4.75961
408		4.77014
409		4.78073
410		4.7912
411		4.80176
412		4.81222
413		4.8227
414		4.83319
415		4.84391
416		4.85441
417		4.8652
418		4.8759
419		4.88662
420		4.89723
421		4.90797
422		4.91852
423		4.92913
424		4.93966
425		4.95402
426		4.9682
427		4.98038
428		4.99175
429		5.00296
430		5.01418
431		5.02512
432		5.03593
433		5.04678
434		5.0575
435		5.06814
436		5.07877
437		5.08952
438		5.10015
439		5.11087
440		5.12158
441		5.13224
442		5.14298
443		5.15372
444		5.16429
445		5.17523
446		5.18575
447		5.19644
448		5.20709
449		5.21775
450		5.22951
451		5.24706
452		5.2598
453		5.27384
454		5.28528
455		5.29863
456		5.30968
457		5.32063
458		5.33158
459		5.34234
460		5.35288
461		5.36413
462		5.37563
463		5.38657
464		5.3973
465		5.40816
466		5.41874
467		5.42952
468		5.44002
469		5.45074
470		5.46133
471		5.47203
472		5.48284
473		5.49371
474		5.50421
475		5.52543
476		5.53893
477		5.55141
478		5.56336
479		5.57541
480		5.58635
481		5.5973
482		5.60821
483		5.61917
484		5.62976
485		5.64051
486		5.65122
487		5.66186
488		5.67255
489		5.68322
490		5.69415
491		5.70469
492		5.71551
493		5.7263
494		5.73704
495		5.74785
496		5.75859
497		5.76932
498		5.78009
499		5.79082
500		5.80688
501		5.81986
502		5.83463
503		5.8461
504		5.85782
505		5.86943
506		5.88035
507		5.89146
508		5.90247
509		5.9134
510		5.92425
511		5.93493
512		5.94549
513		5.95625
514		5.96691
515		5.97751
516		5.98816
517		5.99882
518		6.00958
519		6.02031
520		6.03088
521		6.0417
522		6.0524
523		6.06304
524		6.07376
525		6.09015
526		6.10229
527		6.1169
528		6.12867
529		6.14081
530		6.15181
531		6.16267
532		6.17383
533		6.18469
534		6.19544
535		6.20739
536		6.21815
537		6.22899
538		6.23979
539		6.25047
540		6.26114
541		6.27191
542		6.28282
543		6.29357
544		6.30416
545		6.31506
546		6.32611
547		6.33701
548		6.34798
549		6.35881
550		6.37851
551		6.39016
552		6.40194
553		6.41534
554		6.42666
555		6.43981
556		6.45132
557		6.46216
558		6.47272
559		6.48377
560		6.49433
561		6.5049
562		6.51544
563		6.52663
564		6.5371
565		6.54776
566		6.55847
567		6.56924
568		6.57986
569		6.59056
570		6.60106
571		6.61184
572		6.62264
573		6.63351
574		6.64438
575		6.66709
576		6.67844
577		6.69128
578		6.70331
579		6.71649
580		6.72743
581		6.73892
582		6.75001
583		6.76088
584		6.77166
585		6.78222
586		6.7928
587		6.8034
588		6.81381
589		6.82439
590		6.83496
591		6.84545
592		6.85595
593		6.86659
594		6.877
595		6.88765
596		6.89854
597		6.91008
598		6.92088
599		6.93176
600		6.94298
601		6.95452
602		6.97473
603		6.9869
604		7.01658
605		7.02869
606		7.0407
607		7.05172
608		7.06278
609		7.07363
610		7.08465
611		7.09542
612		7.10603
613		7.11666
614		7.12738
615		7.13813
616		7.14892
617		7.15972
618		7.17039
619		7.18137
620		7.19218
621		7.20308
622		7.21386
623		7.2247
624		7.23539
625		7.24686
626		7.25995
627		7.27182
628		7.28733
629		7.29926
630		7.31206
631		7.32447
632		7.33554
633		7.34667
634		7.35743
635		7.36836
636		7.37906
637		7.38996
638		7.40066
639		7.41132
640		7.42189
641		7.43252
642		7.4432
643		7.45408
644		7.46473
645		7.47559
646		7.48628
647		7.49712
648		7.50789
649		7.51863
650		7.53047
651		7.55283
652		7.5642
653		7.57546
654		7.58641
655		7.59725
656		7.60793
657		7.6187
658		7.62954
659		7.64037
660		7.65112
661		7.66227
662		7.67295
663		7.6837
664		7.6943
665		7.70493
666		7.71558
667		7.72627
668		7.73692
669		7.74772
670		7.75836
671		7.76909
672		7.7797
673		7.79026
674		7.8007
675		7.81519
676		7.82793
677		7.84793
678		7.86048
679		7.8715
680		7.88222
681		7.89291
682		7.90346
683		7.91412
684		7.92469
685		7.93546
686		7.94602
687		7.95666
688		7.96731
689		7.97795
690		7.98852
691		7.99908
692		8.00985
693		8.02053
694		8.03116
695		8.04175
696		8.05238
697		8.06293
698		8.07354
699		8.08411
700		8.09757
701		8.10904
702		8.12874
703		8.14066
704		8.15188
705		8.16365
706		8.17485
707		8.18621
708		8.19732
709		8.20848
710		8.21944
711		8.23037
712		8.24108
713		8.25189
714		8.26254
715		8.27342
716		8.28422
717		8.29502
718		8.30563
719		8.3165
720		8.3272
721		8.338
722		8.34867
723		8.35955
724		8.37022
725		8.38707
726		8.40926
727		8.42041
728		8.43206
729		8.44289
730		8.45352
731		8.46426
732		8.47487
733		8.48552
734		8.49602
735		8.50671
736		8.51721
737		8.52777
738		8.53833
739		8.54897
740		8.55955
741		8.57028
742		8.58106
743		8.59175
744		8.6023
745		8.61296
746		8.62355
747		8.63415
748		8.64473
749		8.65541
750		8.66963
751		8.68352
752		8.70316
753		8.71478
754		8.72737
755		8.73813
756		8.74906
757		8.76
758		8.77069
759		8.7818
760		8.79387
761		8.80472
762		8.81565
763		8.82655
764		8.83718
765		8.84815
766		8.8589
767		8.86966
768		8.88047
769		8.89113
770		8.90171
771		8.91233
772		8.92283
773		8.93375
774		8.9445
775		8.95604
776		8.96932
777		8.98124
778		8.99295
779		9.00511
780		9.01602
781		9.02832
782		9.03904
783		9.04988
784		9.06037
785		9.07112
786		9.08171
787		9.09241
788		9.1029
789		9.11343
790		9.12387
791		9.1345
792		9.14502
793		9.15559
794		9.16612
795		9.17684
796		9.18748
797		9.19809
798		9.20849
799		9.21912
800		9.23473
801		9.24669
802		9.26042
803		9.27199
804		9.28353
805		9.29497
806		9.30598
807		9.31704
808		9.32787
809		9.33855
810		9.34924
811		9.35994
812		9.37044
813		9.38112
814		9.39186
815		9.40256
816		9.41312
817		9.42385
818		9.4345
819		9.44519
820		9.45591
821		9.46672
822		9.47734
823		9.48817
824		9.49882
825		9.52001
826		9.53199
827		9.54379
828		9.55547
829		9.56688
830		9.58007
831		9.59127
832		9.60207
833		9.61294
834		9.6248
835		9.63562
836		9.64644
837		9.65713
838		9.66783
839		9.67871
840		9.68931
841		9.70005
842		9.71059
843		9.72117
844		9.73199
845		9.74321
846		9.75401
847		9.76485
848		9.77543
849		9.78614
850		9.79758
851		9.81678
852		9.83504
853		9.84947
854		9.86092
855		9.87206
856		9.88286
857		9.89457
858		9.9054
859		9.91629
860		9.92686
861		9.93764
862		9.94819
863		9.95896
864		9.96958
865		9.98025
866		9.99086
867		10.0015
868		10.012
869		10.0226
870		10.0333
871		10.0439
872		10.0545
873		10.0651
874		10.0756
875		10.0969
876		10.1084
877		10.1219
878		10.1338
879		10.1454
880		10.1564
881		10.1679
882		10.1791
883		10.1899
884		10.2007
885		10.2116
886		10.2222
887		10.2331
888		10.2436
889		10.2544
890		10.265
891		10.2757
892		10.2863
893		10.2976
894		10.3091
895		10.3201
896		10.3309
897		10.3421
898		10.3527
899		10.3635
900		10.3855
901		10.4027
902		10.4151
903		10.4274
904		10.4386
905		10.4497
906		10.4607
907		10.4715
908		10.4824
909		10.496
910		10.5249
911		10.5358
912		10.5468
913		10.5638
914		10.5747
915		10.5856
916		10.5966
917		10.6077
918		10.6251
919		10.6359
920		10.6467
921		10.6575
922		10.6682
923		10.6791
924		10.6898
925		10.7048
926		10.7167
927		10.7375
928		10.7488
929		10.7603
930		10.7715
931		10.7825
932		10.7934
933		10.8044
934		10.8152
935		10.8261
936		10.8368
937		10.8478
938		10.8586
939		10.8693
940		10.8801
941		10.8908
942		10.9017
943		10.9125
944		10.9233
945		10.9342
946		10.9449
947		10.9554
948		10.966
949		10.9766
950		11.0007
951		11.0123
952		11.0264
953		11.0397
954		11.0511
955		11.0644
956		11.0754
957		11.0864
958		11.0974
959		11.1083
960		11.1192
961		11.1301
962		11.1406
963		11.1511
964		11.1617
965		11.1723
966		11.1828
967		11.1934
968		11.2038
969		11.2146
970		11.2253
971		11.2361
972		11.2466
973		11.2572
974		11.2676
975		11.287
976		11.2998
977		11.3142
978		11.3258
979		11.3369
980		11.3479
981		11.3588
982		11.3696
983		11.3804
984		11.3911
985		11.4019
986		11.4126
987		11.4233
988		11.434
989		11.4447
990		11.4552
991		11.4659
992		11.4766
993		11.4872
994		11.4978
995		11.509
996		11.5197
997		11.5304
998		11.541
999		11.5517
1000		11.5803
