t		Berechnungsdauer
0		0.644058
1		1.02024
2		1.38862
3		1.7039
4		2.04197
5		2.38743
6		2.70483
7		3.03648
8		3.3469
9		3.6743
10		3.98563
11		4.32343
12		4.64389
13		4.98102
14		5.31315
15		5.62301
16		5.9362
17		6.25449
18		6.55731
19		6.87115
20		7.18537
21		7.53412
22		7.84765
23		8.17142
24		8.49009
25		8.79403
26		9.10364
27		9.41469
28		9.71712
29		10.0374
30		10.3765
31		10.6887
32		11.0003
33		11.341
34		11.6567
35		11.9996
36		12.3126
37		12.6199
38		12.9289
39		13.2709
40		13.5844
41		13.9047
42		14.227
43		14.5362
44		14.8526
45		15.194
46		15.5318
47		15.8364
48		16.144
49		16.4642
50		16.7761
51		17.0809
52		17.3902
53		17.696
54		18.0037
55		18.3082
56		18.6314
57		18.9801
58		19.2982
59		19.6114
60		19.93
61		20.2458
62		20.5556
63		20.8543
64		21.1836
65		21.4946
66		21.8307
67		22.168
68		22.4691
69		22.7877
70		23.0976
71		23.4157
72		23.7477
73		24.0735
74		24.3852
75		24.7132
76		25.0213
77		25.3339
78		25.6466
79		25.9858
80		26.3131
81		26.6176
82		26.9519
83		27.2497
84		27.5504
85		27.8935
86		28.1961
87		28.4999
88		28.8036
89		29.1045
90		29.4165
91		29.7559
92		30.0623
93		30.3783
94		30.6986
95		31.0342
96		31.3611
97		31.6777
98		31.9899
99		32.304
100		32.6569
101		32.9778
102		33.2903
103		33.6148
104		33.9202
105		34.2491
106		34.5683
107		34.9414
108		35.2423
109		35.5637
110		35.8733
111		36.169
112		36.4788
113		36.7852
114		37.0846
115		37.4207
116		37.7673
117		38.073
118		38.4156
119		38.7262
120		39.0708
121		39.3827
122		39.6919
123		40.0109
124		40.3294
125		40.6341
126		40.9564
127		41.2804
128		41.5927
129		41.9097
130		42.223
131		42.5453
132		42.874
133		43.2014
134		43.5572
135		43.8879
136		44.2186
137		44.5289
138		44.8427
139		45.1723
140		45.5012
141		45.832
142		46.1489
143		46.4785
144		46.787
145		47.106
146		47.4305
147		47.7385
148		48.049
149		48.3589
150		48.664
151		48.9858
152		49.2988
153		49.6358
154		49.9472
155		50.2644
156		50.5648
157		50.9194
158		51.227
159		51.5384
160		51.8524
161		52.1875
162		52.498
163		52.817
164		53.148
165		53.4788
166		53.7891
167		54.0999
168		54.4225
169		54.741
170		55.0405
171		55.3487
172		55.6717
173		56.0079
174		56.3136
175		56.6247
176		56.9364
177		57.2869
178		57.5991
179		57.905
180		58.2131
181		58.5222
182		58.8301
183		59.1416
184		59.4828
185		59.7899
186		60.1023
187		60.4109
188		60.7315
189		61.041
190		61.3501
191		61.6565
192		61.978
193		62.2797
194		62.6136
195		62.9478
196		63.2593
197		63.5915
198		63.934
199		64.2335
200		64.551
201		64.8631
202		65.1829
203		65.4905
204		65.8098
205		66.1213
206		66.4706
207		66.783
208		67.1174
209		67.4239
210		67.7344
211		68.0801
212		68.3952
213		68.726
214		69.0246
215		69.3432
216		69.6768
217		70.0046
218		70.3109
219		70.6249
220		70.9358
221		71.2607
222		71.581
223		71.8976
224		72.2437
225		72.5467
226		72.8842
227		73.1861
228		73.4977
229		73.8122
230		74.1529
231		74.4716
232		74.7678
233		75.0754
234		75.3719
235		75.6719
236		75.9742
237		76.2791
238		76.5766
239		76.8876
240		77.1954
241		77.5196
242		77.8402
243		78.1797
244		78.5079
245		78.8169
246		79.1217
247		79.4616
248		79.7906
249		80.1047
250		80.414
251		80.7317
252		81.0373
253		81.3689
254		81.7087
255		82.0182
256		82.3286
257		82.6385
258		82.9534
259		83.2654
260		83.6106
261		83.9381
262		84.2547
263		84.575
264		84.8911
265		85.2258
266		85.5294
267		85.8331
268		86.1458
269		86.4557
270		86.7852
271		87.117
272		87.451
273		87.7573
274		88.0647
275		88.3843
276		88.712
277		89.0157
278		89.3229
279		89.6268
280		89.9289
281		90.2401
282		90.5458
283		90.8455
284		91.1714
285		91.4758
286		91.7858
287		92.1028
288		92.4223
289		92.7443
290		93.0584
291		93.374
292		93.6878
293		93.9947
294		94.3366
295		94.645
296		94.9763
297		95.2777
298		95.5941
299		95.9171
300		96.243
301		96.5602
302		96.8659
303		97.1659
304		97.548
305		97.8599
306		98.1965
307		98.4941
308		98.7965
309		99.1017
310		99.4346
311		99.738
312		100.05
313		100.367
314		100.705
315		101.027
316		101.335
317		101.645
318		101.965
319		102.299
320		102.602
321		102.91
322		103.235
323		103.536
324		103.835
325		104.145
326		104.449
327		104.756
328		105.06
329		105.401
330		105.73
331		106.045
332		106.367
333		106.679
334		106.987
335		107.287
336		107.594
337		107.904
338		108.219
339		108.538
340		108.866
341		109.171
342		109.5
343		109.81
344		110.142
345		110.461
346		110.793
347		111.106
348		111.433
349		111.756
350		112.066
351		112.388
352		112.701
353		113.006
354		113.306
355		113.613
356		113.924
357		114.223
358		114.531
359		114.861
360		115.195
361		115.5
362		115.838
363		116.17
364		116.469
365		116.789
366		117.096
367		117.44
368		117.755
369		118.059
370		118.363
371		118.685
372		118.981
373		119.295
374		119.607
375		119.916
376		120.258
377		120.597
378		120.911
379		121.216
380		121.555
381		121.871
382		122.189
383		122.534
384		122.849
385		123.165
386		123.484
387		123.791
388		124.133
389		124.451
390		124.768
391		125.08
392		125.419
393		125.733
394		126.045
395		126.383
396		126.705
397		127.025
398		127.339
399		127.659
400		127.97
401		128.294
402		128.596
403		128.904
404		129.218
405		129.526
406		129.834
407		130.145
408		130.461
409		130.78
410		131.096
411		131.401
412		131.714
413		132.024
414		132.33
415		132.638
416		132.944
417		133.258
418		133.581
419		133.886
420		134.187
421		134.516
422		134.829
423		135.181
424		135.495
425		135.858
426		136.173
427		136.485
428		136.789
429		137.118
430		137.429
431		137.748
432		138.052
433		138.379
434		138.683
435		138.983
436		139.299
437		139.638
438		139.965
439		140.276
440		140.583
441		140.894
442		141.202
443		141.511
444		141.819
445		142.125
446		142.422
447		142.719
448		143.031
449		143.345
450		143.686
451		143.999
452		144.334
453		144.656
454		144.968
455		145.304
456		145.607
457		145.928
458		146.246
459		146.558
460		146.877
461		147.184
462		147.493
463		147.802
464		148.12
465		148.449
466		148.799
467		149.105
468		149.443
469		149.769
470		150.077
471		150.387
472		150.694
473		151.006
474		151.306
475		151.627
476		151.926
477		152.239
478		152.546
479		152.847
480		153.145
481		153.477
482		153.786
483		154.087
484		154.401
485		154.715
486		155.018
487		155.338
488		155.648
489		155.972
490		156.321
491		156.628
492		156.941
493		157.273
494		157.586
495		157.92
496		158.247
497		158.548
498		158.845
499		159.16
500		159.487
501		159.822
502		160.134
503		160.437
504		160.759
505		161.057
506		161.38
507		161.691
508		162.028
509		162.368
510		162.673
511		162.98
512		163.288
513		163.606
514		163.925
515		164.245
516		164.596
517		164.935
518		165.234
519		165.558
520		165.867
521		166.184
522		166.49
523		166.785
524		167.085
525		167.44
526		167.796
527		168.096
528		168.403
529		168.726
530		169.048
531		169.373
532		169.68
533		170.005
534		170.32
535		170.627
536		170.956
537		171.271
538		171.584
539		171.901
540		172.216
541		172.533
542		172.87
543		173.186
544		173.489
545		173.798
546		174.101
547		174.396
548		174.711
549		175.019
550		175.336
551		175.647
552		175.993
553		176.318
554		176.631
555		176.985
556		177.284
557		177.597
558		177.943
559		178.241
560		178.566
561		178.875
562		179.185
563		179.496
564		179.792
565		180.091
566		180.383
567		180.687
568		180.988
569		181.306
570		181.606
571		181.907
572		182.253
573		182.561
574		182.894
575		183.191
576		183.505
577		183.821
578		184.129
579		184.437
580		184.749
581		185.054
582		185.409
583		185.714
584		186.02
585		186.32
586		186.627
587		186.939
588		187.258
589		187.564
590		187.883
591		188.194
592		188.533
593		188.853
594		189.207
595		189.519
596		189.839
597		190.172
598		190.485
599		190.823
600		191.142
601		191.473
602		191.785
603		192.1
604		192.426
605		192.74
606		193.045
607		193.372
608		193.714
609		194.022
610		194.338
611		194.638
612		194.933
613		195.227
614		195.545
615		195.867
616		196.181
617		196.49
618		196.793
619		197.098
620		197.443
621		197.767
622		198.087
623		198.4
624		198.731
625		199.076
626		199.403
627		199.727
628		200.039
629		200.344
630		200.699
631		200.997
632		201.335
633		201.644
634		201.97
635		202.282
636		202.584
637		202.897
638		203.205
639		203.554
640		203.862
641		204.16
642		204.498
643		204.804
644		205.12
645		205.421
646		205.723
647		206.025
648		206.336
649		206.674
650		207.013
651		207.339
652		207.647
653		207.949
654		208.244
655		208.565
656		208.877
657		209.204
658		209.503
659		209.835
660		210.144
661		210.445
662		210.753
663		211.054
664		211.354
665		211.662
666		211.964
667		212.271
668		212.61
669		212.956
670		213.259
671		213.567
672		213.889
673		214.243
674		214.565
675		214.909
676		215.25
677		215.572
678		215.89
679		216.2
680		216.514
681		216.857
682		217.156
683		217.472
684		217.788
685		218.105
686		218.416
687		218.736
688		219.056
689		219.365
690		219.706
691		220.046
692		220.371
693		220.691
694		221.02
695		221.339
696		221.658
697		221.979
698		222.284
699		222.603
700		222.907
701		223.229
702		223.544
703		223.869
704		224.168
705		224.49
706		224.788
707		225.092
708		225.423
709		225.764
710		226.072
711		226.383
712		226.683
713		226.998
714		227.319
715		227.669
716		227.975
717		228.281
718		228.583
719		228.946
720		229.268
721		229.578
722		229.939
723		230.242
724		230.555
725		230.857
726		231.178
727		231.483
728		231.825
729		232.137
730		232.488
731		232.808
732		233.122
733		233.432
734		233.752
735		234.063
736		234.379
737		234.704
738		235.014
739		235.329
740		235.682
741		236.021
742		236.354
743		236.686
744		237.022
745		237.343
746		237.641
747		237.949
748		238.247
749		238.564
750		238.906
751		239.214
752		239.526
753		239.829
754		240.132
755		240.435
756		240.745
757		241.043
758		241.346
759		241.667
760		241.963
761		242.266
762		242.59
763		242.901
764		243.239
765		243.545
766		243.861
767		244.169
768		244.494
769		244.816
770		245.14
771		245.456
772		245.775
773		246.072
774		246.377
775		246.686
776		246.997
777		247.311
778		247.633
779		247.937
780		248.252
781		248.567
782		248.868
783		249.194
784		249.507
785		249.823
786		250.134
787		250.467
788		250.77
789		251.076
790		251.407
791		251.783
792		252.097
793		252.405
794		252.721
795		253.041
796		253.36
797		253.664
798		253.995
799		254.312
800		254.626
801		254.958
802		255.286
803		255.592
804		255.954
805		256.273
806		256.58
807		256.884
808		257.194
809		257.503
810		257.863
811		258.173
812		258.508
813		258.813
814		259.136
815		259.448
816		259.758
817		260.081
818		260.397
819		260.726
820		261.043
821		261.388
822		261.712
823		262.013
824		262.315
825		262.638
826		262.947
827		263.256
828		263.569
829		263.88
830		264.215
831		264.517
832		264.825
833		265.152
834		265.465
835		265.771
836		266.068
837		266.377
838		266.696
839		267.041
840		267.359
841		267.676
842		267.991
843		268.31
844		268.644
845		268.967
846		269.305
847		269.616
848		269.936
849		270.251
850		270.567
851		270.879
852		271.229
853		271.545
854		271.863
855		272.175
856		272.487
857		272.793
858		273.107
859		273.447
860		273.783
861		274.097
862		274.432
863		274.754
864		275.058
865		275.373
866		275.73
867		276.046
868		276.366
869		276.681
870		276.983
871		277.284
872		277.619
873		277.925
874		278.234
875		278.536
876		278.84
877		279.149
878		279.467
879		279.784
880		280.097
881		280.404
882		280.715
883		281.03
884		281.337
885		281.649
886		282.002
887		282.307
888		282.625
889		282.936
890		283.248
891		283.553
892		283.857
893		284.176
894		284.495
895		284.811
896		285.152
897		285.471
898		285.783
899		286.12
900		286.452
901		286.794
902		287.121
903		287.439
904		287.782
905		288.107
906		288.468
907		288.82
908		289.156
909		289.516
910		289.852
911		290.169
912		290.499
913		290.838
914		291.155
915		291.493
916		291.828
917		292.194
918		292.502
919		292.823
920		293.136
921		293.44
922		293.768
923		294.077
924		294.402
925		294.716
926		295.042
927		295.355
928		295.664
929		295.994
930		296.314
931		296.672
932		296.978
933		297.313
934		297.623
935		297.959
936		298.294
937		298.606
938		298.914
939		299.227
940		299.58
941		299.883
942		300.199
943		300.522
944		300.863
945		301.169
946		301.471
947		301.815
948		302.14
949		302.443
950		302.761
951		303.07
952		303.397
953		303.701
954		304.007
955		304.318
956		304.616
957		304.932
958		305.24
959		305.555
960		305.856
961		306.167
962		306.472
963		306.786
964		307.092
965		307.402
966		307.72
967		308.023
968		308.326
969		308.659
970		309.008
971		309.329
972		309.625
973		309.934
974		310.259
975		310.563
976		310.862
977		311.169
978		311.475
979		311.817
980		312.134
981		312.458
982		312.785
983		313.117
984		313.428
985		313.741
986		314.069
987		314.386
988		314.704
989		315.008
990		315.347
991		315.665
992		316.002
993		316.322
994		316.641
995		316.963
996		317.269
997		317.6
998		317.906
999		318.224
1000		318.535
