t		Berechnungsdauer
0		0.221826
1		0.326214
2		0.412828
3		0.506623
4		0.612959
5		0.711638
6		0.804956
7		0.89849
8		1.00454
9		1.10115
10		1.19826
11		1.30122
12		1.3993
13		1.49663
14		1.60708
15		1.71853
16		1.82096
17		1.93482
18		2.02824
19		2.12486
20		2.20734
21		2.30213
22		2.40567
23		2.50202
24		2.58866
25		2.67384
26		2.7645
27		2.8609
28		2.98416
29		3.08612
30		3.17378
31		3.26517
32		3.35547
33		3.4557
34		3.54743
35		3.66004
36		3.74904
37		3.86291
38		3.96238
39		4.06645
40		4.17155
41		4.28758
42		4.38768
43		4.4822
44		4.57065
45		4.66179
46		4.7582
47		4.86092
48		4.96735
49		5.07496
50		5.16945
51		5.25982
52		5.34575
53		5.44235
54		5.53538
55		5.6492
56		5.75977
57		5.85275
58		5.95719
59		6.06549
60		6.15281
61		6.2547
62		6.37411
63		6.49246
64		6.58254
65		6.67229
66		6.77195
67		6.86803
68		6.9604
69		7.04694
70		7.15471
71		7.27331
72		7.37187
73		7.46064
74		7.57123
75		7.66492
76		7.77898
77		7.87822
78		7.96823
79		8.0662
80		8.16343
81		8.26299
82		8.37257
83		8.46713
84		8.57322
85		8.67857
86		8.76969
87		8.85926
88		8.9512
89		9.05267
90		9.14474
91		9.23105
92		9.33162
93		9.42759
94		9.51812
95		9.60661
96		9.70327
97		9.79387
98		9.88866
99		9.99133
100		10.0935
101		10.1795
102		10.268
103		10.3786
104		10.4692
105		10.5577
106		10.6409
107		10.7207
108		10.8067
109		10.8975
110		10.9847
111		11.0762
112		11.1663
113		11.2532
114		11.3712
115		11.4565
116		11.5519
117		11.6388
118		11.7257
119		11.8195
120		11.9024
121		11.9899
122		12.0841
123		12.1829
124		12.2741
125		12.3662
126		12.46
127		12.553
128		12.6432
129		12.7341
130		12.852
131		12.9588
132		13.0501
133		13.1653
134		13.2597
135		13.3494
136		13.4643
137		13.5554
138		13.6484
139		13.7451
140		13.8512
141		13.9437
142		14.0493
143		14.1525
144		14.2639
145		14.3641
146		14.4771
147		14.5732
148		14.6671
149		14.7607
150		14.8477
151		14.9394
152		15.0419
153		15.1309
154		15.2248
155		15.311
156		15.3948
157		15.5045
158		15.6052
159		15.6934
160		15.7829
161		15.8672
162		15.9621
163		16.0644
164		16.1643
165		16.2634
166		16.3697
167		16.465
168		16.5654
169		16.6547
170		16.7536
171		16.8466
172		16.9344
173		17.0517
174		17.1542
175		17.2501
176		17.3479
177		17.4524
178		17.5526
179		17.6455
180		17.7501
181		17.8438
182		17.9379
183		18.0355
184		18.1289
185		18.2243
186		18.3213
187		18.4301
188		18.5264
189		18.6136
190		18.7067
191		18.8119
192		18.8977
193		18.9896
194		19.0835
195		19.1811
196		19.2686
197		19.3582
198		19.4522
199		19.5412
200		19.6281
201		19.7216
202		19.8161
203		19.9354
204		20.0351
205		20.1358
206		20.232
207		20.3219
208		20.4136
209		20.4997
210		20.5885
211		20.6854
212		20.7755
213		20.8735
214		20.9669
215		21.0613
216		21.1557
217		21.2565
218		21.3701
219		21.4723
220		21.5721
221		21.6597
222		21.7558
223		21.8557
224		21.9602
225		22.0656
226		22.1517
227		22.2501
228		22.3363
229		22.4238
230		22.5208
231		22.6145
232		22.7037
233		22.7927
234		22.9078
235		23.0004
236		23.0998
237		23.1916
238		23.2841
239		23.3825
240		23.4709
241		23.5638
242		23.6636
243		23.7583
244		23.8526
245		23.9498
246		24.0529
247		24.1402
248		24.2306
249		24.3301
250		24.4189
251		24.5241
252		24.6199
253		24.7177
254		24.8064
255		24.9038
256		25.0119
257		25.1071
258		25.2058
259		25.3049
260		25.3971
261		25.4914
262		25.5897
263		25.6925
264		25.7897
265		25.8808
266		25.9891
267		26.0915
268		26.1872
269		26.282
270		26.3863
271		26.4794
272		26.5765
273		26.68
274		26.7727
275		26.8723
276		26.9925
277		27.0871
278		27.1818
279		27.2801
280		27.3728
281		27.4735
282		27.5648
283		27.6547
284		27.7552
285		27.8656
286		27.9515
287		28.0524
288		28.179
289		28.277
290		28.389
291		28.4853
292		28.5781
293		28.6604
294		28.7592
295		28.8573
296		28.9578
297		29.0543
298		29.1463
299		29.2444
300		29.344
301		29.4499
302		29.5605
303		29.6586
304		29.7545
305		29.854
306		29.9674
307		30.0736
308		30.1992
309		30.2989
310		30.3954
311		30.4852
312		30.57
313		30.6625
314		30.7511
315		30.8356
316		30.9482
317		31.0386
318		31.1389
319		31.238
320		31.3373
321		31.4343
322		31.5332
323		31.6527
324		31.739
325		31.8321
326		31.916
327		32.0058
328		32.0987
329		32.1876
330		32.2897
331		32.3833
332		32.4748
333		32.5627
334		32.6636
335		32.7593
336		32.8499
337		32.9424
338		33.0372
339		33.1343
340		33.2607
341		33.3459
342		33.4429
343		33.5456
344		33.6375
345		33.7336
346		33.8307
347		33.9294
348		34.0266
349		34.1258
350		34.219
351		34.3156
352		34.4089
353		34.4989
354		34.5949
355		34.686
356		34.7833
357		34.8757
358		34.9566
359		35.0516
360		35.1521
361		35.2467
362		35.3379
363		35.4405
364		35.5365
365		35.6536
366		35.7464
367		35.8364
368		35.9284
369		36.0216
370		36.1059
371		36.1987
372		36.2861
373		36.3938
374		36.4822
375		36.5757
376		36.6682
377		36.7597
378		36.8632
379		36.9546
380		37.0496
381		37.1574
382		37.2495
383		37.3392
384		37.435
385		37.5372
386		37.6356
387		37.7293
388		37.8186
389		37.9126
390		38.0157
391		38.1157
392		38.2017
393		38.2918
394		38.3867
395		38.4859
396		38.5869
397		38.674
398		38.7702
399		38.8797
400		38.9751
401		39.0781
402		39.1736
403		39.3007
404		39.3883
405		39.4898
406		39.591
407		39.6829
408		39.7712
409		39.8753
410		39.9775
411		40.0728
412		40.1768
413		40.2823
414		40.3962
415		40.4876
416		40.596
417		40.6884
418		40.7769
419		40.8699
420		40.9662
421		41.0661
422		41.159
423		41.2588
424		41.355
425		41.4704
426		41.5614
427		41.6642
428		41.7569
429		41.8534
430		41.9531
431		42.0481
432		42.1422
433		42.2383
434		42.3437
435		42.4459
436		42.5597
437		42.6511
438		42.7469
439		42.8493
440		42.9595
441		43.0493
442		43.1486
443		43.2689
444		43.3628
445		43.4794
446		43.5686
447		43.6682
448		43.7678
449		43.8605
450		43.9566
451		44.0527
452		44.1505
453		44.2533
454		44.3454
455		44.4357
456		44.5344
457		44.6301
458		44.7512
459		44.8424
460		44.947
461		45.0397
462		45.1345
463		45.2307
464		45.3236
465		45.4201
466		45.5194
467		45.6113
468		45.7036
469		45.798
470		45.8976
471		46.0125
472		46.1055
473		46.2021
474		46.3056
475		46.4022
476		46.5105
477		46.6074
478		46.6992
479		46.7957
480		46.9069
481		47.0036
482		47.1146
483		47.2103
484		47.3033
485		47.4028
486		47.4985
487		47.5899
488		47.6987
489		47.7921
490		47.8851
491		47.9866
492		48.0779
493		48.182
494		48.2744
495		48.4198
496		48.5119
497		48.6133
498		48.7121
499		48.8325
500		48.9355
501		49.0288
502		49.1269
503		49.2151
504		49.3085
505		49.4104
506		49.5034
507		49.5893
508		49.6854
509		49.7832
510		49.8803
511		49.9728
512		50.066
513		50.1657
514		50.2545
515		50.3673
516		50.456
517		50.5458
518		50.6434
519		50.7817
520		50.8866
521		50.9825
522		51.0884
523		51.1904
524		51.287
525		51.3832
526		51.4822
527		51.5983
528		51.6886
529		51.7826
530		51.8756
531		51.9768
532		52.0717
533		52.1625
534		52.2589
535		52.3551
536		52.4605
537		52.5568
538		52.645
539		52.7427
540		52.8321
541		52.9245
542		53.0158
543		53.1433
544		53.2384
545		53.3276
546		53.4373
547		53.527
548		53.6173
549		53.7199
550		53.8178
551		53.9222
552		54.0185
553		54.1211
554		54.2127
555		54.3091
556		54.4079
557		54.5041
558		54.6096
559		54.7022
560		54.8093
561		54.925
562		55.0176
563		55.1125
564		55.2066
565		55.3069
566		55.4222
567		55.531
568		55.6176
569		55.7109
570		55.8139
571		55.9105
572		56.006
573		56.0968
574		56.1858
575		56.2766
576		56.3718
577		56.471
578		56.5556
579		56.6407
580		56.7561
581		56.8468
582		56.9397
583		57.0427
584		57.1484
585		57.2414
586		57.3307
587		57.4291
588		57.5201
589		57.611
590		57.703
591		57.7935
592		57.8834
593		57.9785
594		58.1035
595		58.2073
596		58.3043
597		58.3913
598		58.4774
599		58.58
600		58.6721
601		58.773
602		58.867
603		58.9608
604		59.0995
605		59.192
606		59.3002
607		59.3925
608		59.5
609		59.6255
610		59.7271
611		59.8236
612		59.9199
613		60.0159
614		60.1164
615		60.2093
616		60.2977
617		60.3892
618		60.5101
619		60.6111
620		60.713
621		60.8058
622		60.9166
623		61.0267
624		61.1203
625		61.2192
626		61.3325
627		61.4623
628		61.5555
629		61.6444
630		61.7468
631		61.8461
632		61.9475
633		62.0608
634		62.1511
635		62.2477
636		62.3354
637		62.4256
638		62.5262
639		62.6214
640		62.707
641		62.8039
642		62.903
643		62.9981
644		63.0963
645		63.1831
646		63.2872
647		63.3882
648		63.4927
649		63.6288
650		63.7365
651		63.8333
652		63.9404
653		64.0426
654		64.1348
655		64.2504
656		64.3432
657		64.4408
658		64.54
659		64.6406
660		64.7338
661		64.8232
662		64.9257
663		65.0311
664		65.1261
665		65.2277
666		65.3327
667		65.4401
668		65.5292
669		65.6298
670		65.7338
671		65.8247
672		65.9258
673		66.0168
674		66.107
675		66.1989
676		66.3009
677		66.4076
678		66.521
679		66.618
680		66.7259
681		66.8218
682		66.9176
683		67.0022
684		67.0973
685		67.1979
686		67.2983
687		67.3892
688		67.4797
689		67.5907
690		67.7007
691		67.794
692		67.8951
693		67.9933
694		68.0933
695		68.19
696		68.2822
697		68.3697
698		68.4687
699		68.6028
700		68.709
701		68.8384
702		68.9394
703		69.0312
704		69.1275
705		69.2257
706		69.3167
707		69.4116
708		69.5016
709		69.5958
710		69.7087
711		69.7969
712		69.9
713		69.995
714		70.0883
715		70.1915
716		70.2924
717		70.3965
718		70.4951
719		70.581
720		70.6737
721		70.7646
722		70.8493
723		70.9516
724		71.0429
725		71.1271
726		71.2221
727		71.32
728		71.419
729		71.5055
730		71.5972
731		71.7026
732		71.7955
733		71.8961
734		71.998
735		72.0892
736		72.1785
737		72.2699
738		72.3663
739		72.4673
740		72.5796
741		72.6675
742		72.7618
743		72.8647
744		72.9644
745		73.0713
746		73.1653
747		73.2598
748		73.3541
749		73.4506
750		73.5478
751		73.6322
752		73.7237
753		73.8428
754		73.9464
755		74.0486
756		74.1478
757		74.2362
758		74.3243
759		74.4125
760		74.4979
761		74.6208
762		74.7401
763		74.8318
764		74.9289
765		75.0192
766		75.1153
767		75.2117
768		75.3047
769		75.3898
770		75.4816
771		75.5901
772		75.6777
773		75.7657
774		75.8549
775		75.9511
776		76.0405
777		76.1328
778		76.2257
779		76.3171
780		76.4119
781		76.4986
782		76.59
783		76.6879
784		76.7758
785		76.8669
786		76.9679
787		77.0688
788		77.1631
789		77.2503
790		77.3357
791		77.4266
792		77.5096
793		77.6075
794		77.6969
795		77.7981
796		77.8848
797		77.9902
798		78.0791
799		78.1884
800		78.2759
801		78.3697
802		78.4684
803		78.5657
804		78.6538
805		78.7513
806		78.8654
807		78.9704
808		79.0718
809		79.1545
810		79.2466
811		79.3373
812		79.4222
813		79.5135
814		79.6004
815		79.6953
816		79.7785
817		79.8747
818		79.9662
819		80.0631
820		80.1675
821		80.2614
822		80.3641
823		80.4491
824		80.5423
825		80.6424
826		80.7353
827		80.8306
828		80.9188
829		81.0093
830		81.1014
831		81.2101
832		81.3041
833		81.4038
834		81.5014
835		81.5957
836		81.6949
837		81.7821
838		81.8957
839		81.9837
840		82.0845
841		82.188
842		82.2756
843		82.362
844		82.4536
845		82.5484
846		82.6337
847		82.7429
848		82.8363
849		82.9298
850		83.026
851		83.1168
852		83.2168
853		83.3406
854		83.4272
855		83.5456
856		83.6598
857		83.7577
858		83.8587
859		83.9504
860		84.0416
861		84.1342
862		84.2439
863		84.3369
864		84.436
865		84.5267
866		84.6295
867		84.7211
868		84.8116
869		84.8965
870		84.9897
871		85.0762
872		85.1671
873		85.2606
874		85.3565
875		85.4532
876		85.5529
877		85.6513
878		85.7493
879		85.8361
880		85.9378
881		86.0422
882		86.1538
883		86.2586
884		86.3811
885		86.4811
886		86.5749
887		86.6695
888		86.7682
889		86.8715
890		86.9728
891		87.0765
892		87.1796
893		87.2837
894		87.3836
895		87.4804
896		87.5709
897		87.6676
898		87.7649
899		87.8651
900		87.9594
901		88.0544
902		88.1472
903		88.2319
904		88.319
905		88.4223
906		88.5126
907		88.6109
908		88.7274
909		88.8607
910		88.9711
911		89.0635
912		89.1721
913		89.2703
914		89.3743
915		89.4699
916		89.5707
917		89.6676
918		89.7545
919		89.8457
920		89.9529
921		90.0406
922		90.1377
923		90.2385
924		90.3368
925		90.4289
926		90.5532
927		90.6572
928		90.7607
929		90.8597
930		90.9527
931		91.0659
932		91.164
933		91.2576
934		91.3572
935		91.457
936		91.5508
937		91.6632
938		91.7586
939		91.8477
940		91.9391
941		92.035
942		92.1223
943		92.2111
944		92.2975
945		92.3831
946		92.4785
947		92.5774
948		92.6723
949		92.7767
950		92.8646
951		92.9572
952		93.0438
953		93.1362
954		93.2343
955		93.3282
956		93.4189
957		93.5065
958		93.6022
959		93.706
960		93.8151
961		93.9074
962		94.0052
963		94.1308
964		94.255
965		94.3785
966		94.4804
967		94.5724
968		94.6607
969		94.7574
970		94.8502
971		94.9434
972		95.0493
973		95.138
974		95.2332
975		95.3324
976		95.4436
977		95.5444
978		95.6458
979		95.74
980		95.8358
981		95.9256
982		96.0241
983		96.1411
984		96.2362
985		96.3382
986		96.4399
987		96.535
988		96.6208
989		96.7149
990		96.8206
991		96.9171
992		97.0093
993		97.1044
994		97.2007
995		97.2905
996		97.38
997		97.4667
998		97.5565
999		97.6432
1000		97.7326
