t		Berechnungsdauer
0		0.0734171
1		0.104215
2		0.129245
3		0.15253
4		0.174528
5		0.191864
6		0.211253
7		0.232758
8		0.27013
9		0.291314
10		0.312615
11		0.334938
12		0.368102
13		0.391112
14		0.41555
15		0.434656
16		0.451344
17		0.462446
18		0.47374
19		0.485116
20		0.496234
21		0.507429
22		0.518508
23		0.529666
24		0.540715
25		0.571653
26		0.608142
27		0.629234
28		0.648532
29		0.66812
30		0.682463
31		0.693851
32		0.705029
33		0.717211
34		0.733693
35		0.744887
36		0.755919
37		0.767652
38		0.786144
39		0.799459
40		0.810574
41		0.821972
42		0.833059
43		0.844308
44		0.855343
45		0.866505
46		0.877616
47		0.889172
48		0.900249
49		0.911457
50		0.933503
51		0.956237
52		0.97568
53		0.996345
54		1.01572
55		1.03012
56		1.04318
57		1.0552
58		1.06688
59		1.078
60		1.08903
61		1.10019
62		1.11115
63		1.12238
64		1.1334
65		1.14452
66		1.16296
67		1.17408
68		1.185
69		1.20177
70		1.21488
71		1.22606
72		1.23732
73		1.24844
74		1.2595
75		1.28261
76		1.30579
77		1.3197
78		1.33111
79		1.34256
80		1.35381
81		1.365
82		1.37594
83		1.38735
84		1.39842
85		1.40958
86		1.42058
87		1.4317
88		1.44267
89		1.45386
90		1.46535
91		1.47744
92		1.48841
93		1.49982
94		1.51119
95		1.52231
96		1.53392
97		1.54533
98		1.55635
99		1.56794
100		1.58931
101		1.61444
102		1.63549
103		1.65798
104		1.67737
105		1.69686
106		1.71612
107		1.73117
108		1.74218
109		1.75333
110		1.76435
111		1.77552
112		1.78649
113		1.7976
114		1.81032
115		1.82373
116		1.83586
117		1.84702
118		1.85791
119		1.86905
120		1.88006
121		1.89123
122		1.91126
123		1.92401
124		1.93491
125		1.95397
126		1.9774
127		2.00078
128		2.02267
129		2.04444
130		2.06851
131		2.08811
132		2.1044
133		2.11619
134		2.1278
135		2.13902
136		2.15015
137		2.16134
138		2.17283
139		2.18404
140		2.1951
141		2.20632
142		2.21751
143		2.23031
144		2.24119
145		2.25236
146		2.26343
147		2.27462
148		2.2856
149		2.29671
150		2.32446
151		2.35759
152		2.37291
153		2.38405
154		2.39531
155		2.40667
156		2.41776
157		2.42899
158		2.44012
159		2.45159
160		2.46264
161		2.47369
162		2.48577
163		2.49699
164		2.50795
165		2.51918
166		2.53047
167		2.54152
168		2.5524
169		2.56351
170		2.57469
171		2.58579
172		2.59676
173		2.60801
174		2.62053
175		2.64445
176		2.66831
177		2.68781
178		2.70449
179		2.71887
180		2.73072
181		2.74251
182		2.75357
183		2.76567
184		2.77666
185		2.7877
186		2.80067
187		2.81187
188		2.82278
189		2.83914
190		2.85088
191		2.86206
192		2.87307
193		2.88422
194		2.89547
195		2.90673
196		2.91778
197		2.92902
198		2.94008
199		2.9512
200		2.98159
201		3.00265
202		3.023
203		3.04243
204		3.06165
205		3.07685
206		3.08798
207		3.09927
208		3.11053
209		3.12197
210		3.13334
211		3.14625
212		3.16092
213		3.17209
214		3.18346
215		3.19465
216		3.2056
217		3.2169
218		3.22786
219		3.23905
220		3.25732
221		3.27122
222		3.28226
223		3.29358
224		3.30495
225		3.32271
226		3.34176
227		3.36413
228		3.38283
229		3.40479
230		3.4215
231		3.4335
232		3.44452
233		3.4557
234		3.46671
235		3.47786
236		3.4889
237		3.50002
238		3.51107
239		3.52224
240		3.53326
241		3.5445
242		3.55548
243		3.56886
244		3.58025
245		3.59138
246		3.60229
247		3.61339
248		3.62434
249		3.6354
250		3.65204
251		3.67186
252		3.69807
253		3.71464
254		3.73582
255		3.75175
256		3.7677
257		3.77951
258		3.79062
259		3.80198
260		3.81305
261		3.82431
262		3.83557
263		3.84694
264		3.85798
265		3.86978
266		3.88079
267		3.89205
268		3.90352
269		3.91472
270		3.92601
271		3.93734
272		3.94845
273		3.95963
274		3.97086
275		3.98866
276		4.00603
277		4.0328
278		4.05565
279		4.07592
280		4.09536
281		4.11466
282		4.12973
283		4.14108
284		4.15219
285		4.16351
286		4.17473
287		4.18596
288		4.19709
289		4.20838
290		4.21947
291		4.23077
292		4.24206
293		4.25328
294		4.26441
295		4.27577
296		4.28689
297		4.2981
298		4.30922
299		4.32048
300		4.33669
301		4.35953
302		4.38774
303		4.40435
304		4.41723
305		4.42834
306		4.43982
307		4.45163
308		4.46267
309		4.47387
310		4.48489
311		4.4961
312		4.50711
313		4.52758
314		4.53897
315		4.55027
316		4.56119
317		4.57239
318		4.58366
319		4.59525
320		4.60612
321		4.61748
322		4.62839
323		4.63958
324		4.65075
325		4.67124
326		4.69089
327		4.72149
328		4.73518
329		4.74691
330		4.7585
331		4.77615
332		4.78866
333		4.79996
334		4.81149
335		4.82274
336		4.83484
337		4.84614
338		4.85736
339		4.86963
340		4.88077
341		4.89205
342		4.90312
343		4.91437
344		4.92554
345		4.94317
346		4.95637
347		4.96756
348		4.97863
349		4.98983
350		5.02072
351		5.04225
352		5.06143
353		5.07326
354		5.08446
355		5.09771
356		5.10883
357		5.12015
358		5.13127
359		5.14341
360		5.15488
361		5.17176
362		5.18435
363		5.19556
364		5.20676
365		5.21805
366		5.22914
367		5.2408
368		5.25195
369		5.26308
370		5.27406
371		5.28513
372		5.29612
373		5.30733
374		5.31836
375		5.33496
376		5.35325
377		5.37894
378		5.39607
379		5.40782
380		5.41963
381		5.43149
382		5.44306
383		5.45475
384		5.46877
385		5.47994
386		5.49148
387		5.50378
388		5.51514
389		5.52644
390		5.53754
391		5.54881
392		5.55989
393		5.57653
394		5.58935
395		5.60066
396		5.61204
397		5.62807
398		5.63897
399		5.65008
400		5.67049
401		5.69159
402		5.70827
403		5.72717
404		5.7476
405		5.76759
406		5.78673
407		5.80609
408		5.82519
409		5.83907
410		5.85008
411		5.86179
412		5.87289
413		5.88406
414		5.89516
415		5.90644
416		5.91785
417		5.92913
418		5.94006
419		5.95128
420		5.96233
421		5.97351
422		5.98456
423		6.00068
424		6.01419
425		6.02823
426		6.05687
427		6.08042
428		6.09821
429		6.11078
430		6.12241
431		6.13374
432		6.14501
433		6.15646
434		6.16759
435		6.17881
436		6.19699
437		6.21354
438		6.22793
439		6.24014
440		6.25128
441		6.2628
442		6.27381
443		6.28525
444		6.29629
445		6.30747
446		6.31861
447		6.32975
448		6.34075
449		6.35397
450		6.37309
451		6.39023
452		6.42305
453		6.44011
454		6.45656
455		6.47394
456		6.48996
457		6.5096
458		6.52126
459		6.53252
460		6.54365
461		6.55479
462		6.56584
463		6.57708
464		6.58801
465		6.59913
466		6.61187
467		6.63006
468		6.64123
469		6.65227
470		6.66321
471		6.67438
472		6.68522
473		6.69632
474		6.70894
475		6.72914
476		6.74753
477		6.76287
478		6.7864
479		6.8061
480		6.82555
481		6.84485
482		6.86433
483		6.88368
484		6.90301
485		6.9211
486		6.93534
487		6.94699
488		6.95847
489		6.96969
490		6.98055
491		6.99167
492		7.00264
493		7.01378
494		7.02559
495		7.03671
496		7.04897
497		7.06605
498		7.07697
499		7.08999
500		7.10448
501		7.12248
502		7.14016
503		7.15892
504		7.17104
505		7.18502
506		7.19629
507		7.20741
508		7.21863
509		7.22987
510		7.24085
511		7.25195
512		7.26289
513		7.274
514		7.28497
515		7.29639
516		7.30733
517		7.31844
518		7.32931
519		7.34055
520		7.35163
521		7.36273
522		7.37507
523		7.38621
524		7.39778
525		7.41409
526		7.43374
527		7.46499
528		7.48078
529		7.49189
530		7.5043
531		7.51562
532		7.52717
533		7.53836
534		7.5504
535		7.56165
536		7.57258
537		7.5843
538		7.59526
539		7.60639
540		7.6199
541		7.63108
542		7.64203
543		7.65312
544		7.66403
545		7.67521
546		7.68614
547		7.69729
548		7.70828
549		7.71944
550		7.73998
551		7.75922
552		7.77977
553		7.79924
554		7.81039
555		7.82283
556		7.83413
557		7.8459
558		7.85689
559		7.86797
560		7.87898
561		7.89004
562		7.90108
563		7.91256
564		7.92351
565		7.93469
566		7.94571
567		7.95674
568		7.96788
569		7.97904
570		7.99024
571		8.00145
572		8.01246
573		8.02357
574		8.03461
575		8.05143
576		8.07136
577		8.08886
578		8.10698
579		8.12217
580		8.13336
581		8.14492
582		8.15695
583		8.1684
584		8.17934
585		8.19064
586		8.20181
587		8.21305
588		8.2242
589		8.23578
590		8.24678
591		8.26366
592		8.27649
593		8.28781
594		8.299
595		8.31024
596		8.32121
597		8.33231
598		8.34329
599		8.3544
600		8.38815
601		8.41189
602		8.43467
603		8.45378
604		8.4723
605		8.49023
606		8.50367
607		8.5148
608		8.52586
609		8.53756
610		8.54848
611		8.55974
612		8.57109
613		8.58652
614		8.59746
615		8.60878
616		8.61976
617		8.63082
618		8.64202
619		8.6532
620		8.66415
621		8.67895
622		8.69566
623		8.70688
624		8.71782
625		8.7374
626		8.76829
627		8.78466
628		8.79715
629		8.80901
630		8.82013
631		8.83153
632		8.84258
633		8.85382
634		8.86481
635		8.87654
636		8.88767
637		8.8989
638		8.91005
639		8.92137
640		8.93242
641		8.94375
642		8.95487
643		8.96616
644		8.97805
645		8.98942
646		9.00075
647		9.0118
648		9.02288
649		9.0341
650		9.05154
651		9.07076
652		9.097
653		9.11745
654		9.13697
655		9.15646
656		9.17686
657		9.19264
658		9.20412
659		9.21545
660		9.22676
661		9.23793
662		9.24904
663		9.2603
664		9.27134
665		9.2827
666		9.2937
667		9.30481
668		9.31582
669		9.32702
670		9.33831
671		9.34942
672		9.36049
673		9.37163
674		9.38261
675		9.40519
676		9.42204
677		9.44603
678		9.46393
679		9.47487
680		9.48655
681		9.49812
682		9.50993
683		9.52099
684		9.53189
685		9.54415
686		9.55503
687		9.56619
688		9.58192
689		9.59714
690		9.60835
691		9.61947
692		9.63051
693		9.64173
694		9.65271
695		9.66396
696		9.67491
697		9.68597
698		9.6969
699		9.70812
700		9.73942
701		9.76789
702		9.78472
703		9.79612
704		9.80753
705		9.82445
706		9.84371
707		9.86021
708		9.87124
709		9.88245
710		9.89346
711		9.90466
712		9.91564
713		9.93304
714		9.95035
715		9.96152
716		9.9725
717		9.98813
718		10.0005
719		10.0127
720		10.0236
721		10.035
722		10.0461
723		10.0573
724		10.0682
725		10.0898
726		10.1165
727		10.1316
728		10.1427
729		10.1543
730		10.1652
731		10.1764
732		10.1873
733		10.1985
734		10.2094
735		10.2205
736		10.2363
737		10.2481
738		10.259
739		10.2702
740		10.2811
741		10.2921
742		10.3031
743		10.3151
744		10.3261
745		10.3434
746		10.3575
747		10.3731
748		10.385
749		10.4028
750		10.4234
751		10.4462
752		10.4675
753		10.4842
754		10.4991
755		10.5104
756		10.5289
757		10.5399
758		10.551
759		10.5622
760		10.5732
761		10.5842
762		10.5952
763		10.6064
764		10.6193
765		10.6304
766		10.6413
767		10.654
768		10.6652
769		10.6769
770		10.6879
771		10.699
772		10.71
773		10.7211
774		10.732
775		10.7656
776		10.7982
777		10.8192
778		10.8407
779		10.8661
780		10.8835
781		10.8948
782		10.9058
783		10.9171
784		10.9281
785		10.9393
786		10.9504
787		10.9616
788		10.9727
789		10.9838
790		10.9967
791		11.0095
792		11.0204
793		11.0318
794		11.0428
795		11.0543
796		11.0653
797		11.0776
798		11.0888
799		11.1004
800		11.1166
801		11.1377
802		11.1584
803		11.1735
804		11.1874
805		11.1986
806		11.2102
807		11.2213
808		11.2324
809		11.2435
810		11.2545
811		11.2655
812		11.2769
813		11.2907
814		11.3017
815		11.3128
816		11.3238
817		11.3349
818		11.3541
819		11.3653
820		11.3763
821		11.3873
822		11.3984
823		11.4096
824		11.4276
825		11.4429
826		11.4621
827		11.4847
828		11.5035
829		11.5153
830		11.5272
831		11.5384
832		11.5498
833		11.5612
834		11.5722
835		11.5834
836		11.5945
837		11.6057
838		11.6167
839		11.628
840		11.639
841		11.6502
842		11.6612
843		11.6724
844		11.6834
845		11.6948
846		11.7057
847		11.7168
848		11.7278
849		11.7389
850		11.773
851		11.8029
852		11.82
853		11.8397
854		11.8578
855		11.8698
856		11.8827
857		11.8939
858		11.905
859		11.9163
860		11.9273
861		11.9385
862		11.9496
863		11.9734
864		12.0462
865		12.0572
866		12.0684
867		12.0795
868		12.0905
869		12.1018
870		12.113
871		12.1242
872		12.1352
873		12.1464
874		12.1574
875		12.1776
876		12.1989
877		12.2276
878		12.2392
879		12.2512
880		12.2627
881		12.2742
882		12.2854
883		12.2975
884		12.3094
885		12.3208
886		12.3318
887		12.3431
888		12.3542
889		12.3684
890		12.3794
891		12.3907
892		12.4095
893		12.4207
894		12.4322
895		12.4432
896		12.4543
897		12.4655
898		12.4764
899		12.4875
900		12.5044
901		12.5246
902		12.5448
903		12.5639
904		12.5756
905		12.5873
906		12.5983
907		12.6104
908		12.6214
909		12.6327
910		12.6436
911		12.6548
912		12.6658
913		12.678
914		12.689
915		12.7003
916		12.7169
917		12.7284
918		12.7447
919		12.7558
920		12.7669
921		12.778
922		12.7889
923		12.8
924		12.8128
925		12.8346
926		12.8563
927		12.8714
928		12.8901
929		12.9023
930		12.914
931		12.9258
932		12.9372
933		12.9493
934		12.9603
935		12.9713
936		12.9823
937		12.9934
938		13.0043
939		13.0155
940		13.0263
941		13.0374
942		13.0484
943		13.0598
944		13.0707
945		13.0819
946		13.0928
947		13.104
948		13.1149
949		13.126
950		13.1472
951		13.1668
952		13.1966
953		13.2184
954		13.2344
955		13.2456
956		13.2566
957		13.2676
958		13.2787
959		13.2898
960		13.3008
961		13.3119
962		13.3229
963		13.334
964		13.3451
965		13.3562
966		13.3675
967		13.3786
968		13.3896
969		13.4006
970		13.4116
971		13.4227
972		13.4337
973		13.4448
974		13.4559
975		13.4746
976		13.5
977		13.5174
978		13.5356
979		13.55
980		13.5617
981		13.5734
982		13.586
983		13.6067
984		13.6177
985		13.6291
986		13.6401
987		13.6512
988		13.6624
989		13.6736
990		13.6845
991		13.6957
992		13.7067
993		13.7179
994		13.7288
995		13.74
996		13.7511
997		13.7625
998		13.7736
999		13.7848
1000		13.8169
