t		Berechnungsdauer
0		1.15882
1		1.23371
2		1.31651
3		1.39004
4		1.46931
5		1.54284
6		1.62216
7		1.69566
8		1.7751
9		1.84861
10		1.92653
11		2.00002
12		2.07601
13		2.14951
14		2.22613
15		2.29953
16		2.37934
17		2.45287
18		2.53154
19		2.60496
20		2.68192
21		2.75545
22		2.83251
23		2.90596
24		2.98637
25		4.09967
26		4.16025
27		4.22277
28		4.28333
29		4.34903
30		4.4095
31		4.47476
32		4.53521
33		4.60047
34		4.66106
35		4.7263
36		4.78687
37		4.85189
38		4.91249
39		4.97777
40		5.03824
41		5.1035
42		5.16403
43		5.22981
44		5.2904
45		5.35552
46		5.41605
47		5.48132
48		5.54177
49		5.60701
50		6.53413
51		6.59457
52		6.65959
53		6.71997
54		6.78471
55		6.84504
56		6.90934
57		6.96975
58		7.03459
59		7.09494
60		7.1625
61		7.22286
62		7.28618
63		7.34665
64		7.40735
65		7.46841
66		7.5319
67		7.59222
68		7.65422
69		7.71462
70		7.77666
71		7.83728
72		7.8992
73		7.96002
74		8.02843
75		9.14042
76		9.21396
77		9.29015
78		9.36369
79		9.4425
80		9.51611
81		9.59312
82		9.66685
83		9.74771
84		9.8214
85		9.90248
86		9.97623
87		10.0531
88		10.1268
89		10.2036
90		10.2772
91		10.3553
92		10.4289
93		10.5057
94		10.5792
95		10.6555
96		10.729
97		10.8094
98		10.8829
99		10.9623
100		12.0995
101		12.1732
102		12.2518
103		12.3254
104		12.4025
105		12.476
106		12.5547
107		12.6281
108		12.705
109		12.7786
110		12.8547
111		12.9281
112		13.0053
113		13.0789
114		13.1612
115		13.2346
116		13.3142
117		13.3883
118		13.4678
119		13.5419
120		13.6214
121		13.6949
122		13.7744
123		13.8479
124		13.9274
125		15.089
126		15.1761
127		15.2571
128		15.3308
129		15.4119
130		15.4855
131		15.5636
132		15.6373
133		15.7191
134		15.7928
135		15.8704
136		15.9441
137		16.0176
138		16.0781
139		16.1415
140		16.2021
141		16.2655
142		16.3261
143		16.3887
144		16.4493
145		16.5119
146		16.5725
147		16.6379
148		16.6984
149		16.7633
150		17.6965
151		17.757
152		17.8196
153		17.8799
154		17.9456
155		18.006
156		18.0711
157		18.1314
158		18.1968
159		18.2572
160		18.3204
161		18.3807
162		18.444
163		18.5044
164		18.5703
165		18.6306
166		18.6935
167		18.754
168		18.8165
169		18.8768
170		18.9401
171		19.0005
172		19.0632
173		19.1236
174		19.1864
175		20.1131
176		20.1736
177		20.2369
178		20.2974
179		20.3609
180		20.4215
181		20.4849
182		20.5454
183		20.6096
184		20.6701
185		20.7343
186		20.7948
187		20.8591
188		20.9196
189		20.9846
190		21.0451
191		21.1099
192		21.1705
193		21.235
194		21.2955
195		21.3604
196		21.4208
197		21.4855
198		21.546
199		21.6091
200		22.529
201		22.5895
202		22.6541
203		22.7145
204		22.7799
205		22.8402
206		22.9057
207		22.966
208		23.0313
209		23.0917
210		23.157
211		23.2174
212		23.2829
213		23.3432
214		23.4091
215		23.4694
216		23.5353
217		23.5957
218		23.6609
219		23.7213
220		23.7867
221		23.8471
222		23.9126
223		23.9729
224		24.0613
225		25.3865
226		25.4731
227		25.5641
228		25.6506
229		25.7406
230		25.8271
231		25.9175
232		26.004
233		26.0984
234		26.1851
235		26.2759
236		26.3624
237		26.4609
238		26.5475
239		26.6415
240		26.728
241		26.8231
242		26.9097
243		27.0049
244		27.0914
245		27.1817
246		27.2682
247		27.3584
248		27.4449
249		27.5356
250		28.7443
251		28.8178
252		28.8943
253		28.9679
254		29.0452
255		29.1187
256		29.195
257		29.2684
258		29.3489
259		29.4224
260		29.5025
261		29.5759
262		29.6553
263		29.7288
264		29.8083
265		29.8817
266		29.9612
267		30.0347
268		30.1142
269		30.1876
270		30.2675
271		30.341
272		30.4211
273		30.4945
274		30.5742
275		31.7268
276		31.8006
277		31.8787
278		31.9523
279		32.0255
280		32.0861
281		32.1503
282		32.2109
283		32.276
284		32.3365
285		32.4016
286		32.4621
287		32.5274
288		32.5881
289		32.6533
290		32.7139
291		32.776
292		32.8365
293		32.8985
294		32.959
295		33.021
296		33.0816
297		33.1435
298		33.2041
299		33.2661
300		34.1968
301		34.2573
302		34.3219
303		34.3823
304		34.446
305		34.5064
306		34.5726
307		34.6329
308		34.6982
309		34.7586
310		34.8242
311		34.8845
312		34.9506
313		35.0109
314		35.0771
315		35.1375
316		35.2036
317		35.264
318		35.3262
319		35.3866
320		35.4505
321		35.5133
322		35.5739
323		35.6375
324		35.698
325		36.6071
326		36.6676
327		36.7311
328		36.7917
329		36.8545
330		36.915
331		36.9793
332		37.0398
333		37.1053
334		37.1658
335		37.2316
336		37.2921
337		37.3577
338		37.4182
339		37.4843
340		37.5447
341		37.6099
342		37.6704
343		37.7356
344		37.7961
345		37.8613
346		37.9218
347		37.9869
348		38.0473
349		38.1124
350		39.0414
351		39.1018
352		39.1663
353		39.2267
354		39.2901
355		39.3506
356		39.4139
357		39.4744
358		39.5379
359		39.5983
360		39.6626
361		39.7229
362		39.7864
363		39.8469
364		39.9103
365		39.9708
366		40.0284
367		40.083
368		40.1401
369		40.1948
370		40.2524
371		40.3072
372		40.3644
373		40.4199
374		40.4771
375		41.3013
376		41.3557
377		41.4126
378		41.4692
379		41.5249
380		41.5827
381		41.6369
382		41.6963
383		41.7505
384		41.8101
385		41.8643
386		41.9215
387		41.9775
388		42.0346
389		42.0907
390		42.1476
391		42.2043
392		42.2598
393		42.3177
394		42.3722
395		42.4313
396		42.4856
397		42.5443
398		42.5986
399		42.6578
400		43.4688
401		43.5231
402		43.5798
403		43.6347
404		43.689
405		43.7466
406		43.801
407		43.8575
408		43.9119
409		43.9668
410		44.0225
411		44.0767
412		44.1327
413		44.1869
414		44.2419
415		44.2993
416		44.3544
417		44.4122
418		44.4666
419		44.5255
420		44.5799
421		44.6365
422		44.6928
423		44.7477
424		44.8058
425		45.6131
426		45.6675
427		45.7249
428		45.7816
429		45.839
430		45.894
431		45.9494
432		46.0067
433		46.061
434		46.1199
435		46.1742
436		46.2332
437		46.2875
438		46.3464
439		46.4007
440		46.461
441		46.5154
442		46.5728
443		46.6275
444		46.6851
445		46.7394
446		46.7964
447		46.8507
448		46.9078
449		46.9625
450		47.7661
451		47.8204
452		47.8758
453		47.9322
454		47.988
455		48.0676
456		48.1474
457		48.2208
458		48.3003
459		48.3738
460		48.4537
461		48.5273
462		48.6068
463		48.6802
464		48.7599
465		48.8334
466		48.9139
467		48.9874
468		49.067
469		49.1405
470		49.2199
471		49.2911
472		49.369
473		49.4425
474		49.5219
475		50.6549
476		50.7285
477		50.809
478		50.8827
479		50.9631
480		51.0367
481		51.1138
482		51.1878
483		51.2641
484		51.3378
485		51.4177
486		51.4918
487		51.5746
488		51.6483
489		51.7288
490		51.8026
491		51.8824
492		51.9562
493		52.0251
494		52.0883
495		52.1533
496		52.214
497		52.279
498		52.3396
499		52.4049
500		53.3283
501		53.3887
502		53.4644
503		53.5259
504		53.5913
505		53.6517
506		53.717
507		53.7774
508		53.8433
509		53.9037
510		53.9691
511		54.0295
512		54.0948
513		54.1552
514		54.2204
515		54.2808
516		54.3469
517		54.4072
518		54.4719
519		54.5323
520		54.5972
521		54.6577
522		54.7223
523		54.7827
524		54.8506
525		55.77
526		55.8567
527		55.9257
528		55.9865
529		56.0507
530		56.1114
531		56.1758
532		56.2364
533		56.303
534		56.3635
535		56.4288
536		56.4892
537		56.5553
538		56.6158
539		56.6819
540		56.7425
541		56.806
542		56.8664
543		56.9317
544		56.9922
545		57.058
546		57.1185
547		57.1838
548		57.2444
549		57.3096
550		58.2292
551		58.2896
552		58.3538
553		58.4142
554		58.4799
555		58.5403
556		58.6058
557		58.6661
558		58.7314
559		58.7917
560		58.8569
561		58.9172
562		58.9824
563		59.0428
564		59.108
565		59.1683
566		59.2349
567		59.2953
568		59.3584
569		59.4188
570		59.4821
571		59.5425
572		59.6085
573		59.6688
574		59.7341
575		60.5675
576		60.6221
577		60.679
578		60.7338
579		60.7911
580		60.8469
581		60.9015
582		60.9585
583		61.0128
584		61.0712
585		61.1257
586		61.1831
587		61.2387
588		61.2934
589		61.3517
590		61.4062
591		61.4648
592		61.5192
593		61.5765
594		61.6321
595		61.687
596		61.745
597		61.7993
598		61.8588
599		61.9131
600		62.7187
601		62.7729
602		62.8286
603		62.8873
604		62.9457
605		63.0001
606		63.0566
607		63.1127
608		63.1702
609		63.225
610		63.2811
611		63.3363
612		63.3911
613		63.4477
614		63.5022
615		63.5592
616		63.6139
617		63.6704
618		63.7248
619		63.7843
620		63.8387
621		63.8996
622		63.955
623		64.013
624		64.0675
625		64.9003
626		64.9546
627		65.0115
628		65.0663
629		65.1229
630		65.1777
631		65.2346
632		65.2892
633		65.3457
634		65.4006
635		65.4568
636		65.5136
637		65.5706
638		65.6252
639		65.6823
640		65.7384
641		65.7959
642		65.8512
643		65.9083
644		65.9647
645		66.0223
646		66.0773
647		66.1346
648		66.1907
649		66.2482
650		67.0749
651		67.1292
652		67.1862
653		67.2409
654		67.2961
655		67.3525
656		67.407
657		67.4655
658		67.5199
659		67.5777
660		67.632
661		67.6887
662		67.7439
663		67.7989
664		67.858
665		67.9126
666		67.9743
667		68.0542
668		68.1278
669		68.2081
670		68.2816
671		68.3613
672		68.4349
673		68.5146
674		68.5881
675		69.7188
676		69.7924
677		69.8705
678		69.9442
679		70.0216
680		70.0952
681		70.1726
682		70.2462
683		70.327
684		70.4006
685		70.4801
686		70.5536
687		70.6331
688		70.7067
689		70.7862
690		70.8598
691		70.9367
692		71.0102
693		71.0893
694		71.1629
695		71.2425
696		71.316
697		71.3957
698		71.4693
699		71.5488
700		72.9959
701		73.1033
702		73.2126
703		73.3222
704		73.4279
705		73.5371
706		73.6454
707		73.7515
708		73.8612
709		73.9732
710		74.0804
711		74.1893
712		74.2999
713		74.4064
714		74.5192
715		74.6334
716		74.7475
717		74.8887
718		75.004
719		75.1105
720		75.2233
721		75.3371
722		75.4433
723		75.5553
724		75.6692
725		77.0617
726		77.1482
727		77.2399
728		77.3264
729		77.4165
730		77.5031
731		77.595
732		77.6815
733		77.7733
734		77.8599
735		77.9517
736		78.0383
737		78.1289
738		78.2153
739		78.3062
740		78.3928
741		78.4827
742		78.5693
743		78.6605
744		78.7471
745		78.8383
746		78.9249
747		79.0161
748		79.1027
749		79.1938
750		80.4504
751		80.5238
752		80.6031
753		80.6766
754		80.7554
755		80.8289
756		80.9069
757		80.9804
758		81.0576
759		81.1319
760		81.2092
761		81.2827
762		81.361
763		81.4346
764		81.512
765		81.5854
766		81.6637
767		81.7372
768		81.8155
769		81.8891
770		81.9681
771		82.0416
772		82.1187
773		82.1923
774		82.2713
775		83.4206
776		83.4944
777		83.5716
778		83.6452
779		83.7223
780		83.7959
781		83.8744
782		83.9479
783		84.0162
784		84.0768
785		84.1401
786		84.2006
787		84.2677
788		84.3282
789		84.3925
790		84.453
791		84.5179
792		84.5784
793		84.643
794		84.7035
795		84.7672
796		84.8277
797		84.8901
798		84.9507
799		85.0131
800		85.9344
801		85.9948
802		86.0612
803		86.122
804		86.1876
805		86.248
806		86.3138
807		86.3742
808		86.4396
809		86.4999
810		86.5638
811		86.6241
812		86.6899
813		86.7503
814		86.8157
815		86.876
816		86.9423
817		87.0027
818		87.0681
819		87.1284
820		87.2063
821		87.2666
822		87.3272
823		87.3879
824		87.4486
825		88.3704
826		88.4309
827		88.4947
828		88.5551
829		88.6176
830		88.6782
831		88.7408
832		88.8012
833		88.8662
834		88.9266
835		88.9924
836		89.0528
837		89.1153
838		89.1758
839		89.2382
840		89.2986
841		89.3609
842		89.4214
843		89.4837
844		89.5442
845		89.6103
846		89.6708
847		89.7375
848		89.7979
849		89.8639
850		90.7726
851		90.8332
852		90.9002
853		90.9605
854		91.0263
855		91.0866
856		91.152
857		91.2122
858		91.2776
859		91.3379
860		91.4033
861		91.4636
862		91.5289
863		91.5891
864		91.6544
865		91.7147
866		91.7787
867		91.8391
868		91.9051
869		91.9656
870		92.0593
871		92.1456
872		92.2395
873		92.3259
874		92.421
875		93.7651
876		93.8518
877		93.9428
878		94.0295
879		94.1221
880		94.2088
881		94.3056
882		94.3922
883		94.487
884		94.5735
885		94.6635
886		94.75
887		94.84
888		94.9266
889		95.0213
890		95.1078
891		95.202
892		95.2885
893		95.3827
894		95.4692
895		95.5635
896		95.65
897		95.7441
898		95.8307
899		95.9206
900		97.0619
901		97.1354
902		97.2151
903		97.3022
904		97.3812
905		97.4549
906		97.5369
907		97.6104
908		97.7047
909		97.7812
910		97.8607
911		97.9341
912		98.0138
913		98.0872
914		98.1672
915		98.2406
916		98.3205
917		98.394
918		98.4742
919		98.5476
920		98.6275
921		98.701
922		98.7899
923		98.8635
924		98.94
925		100.066
926		100.127
927		100.19
928		100.25
929		100.314
930		100.375
931		100.439
932		100.5
933		100.564
934		100.624
935		100.689
936		100.75
937		100.815
938		100.875
939		100.941
940		101.001
941		101.066
942		101.127
943		101.192
944		101.252
945		101.318
946		101.378
947		101.443
948		101.504
949		101.568
950		102.485
951		102.545
952		102.607
953		102.668
954		102.735
955		102.795
956		102.859
957		102.92
958		102.983
959		103.043
960		103.107
961		103.167
962		103.231
963		103.291
964		103.354
965		103.415
966		103.478
967		103.539
968		103.602
969		103.662
970		103.726
971		103.786
972		103.85
973		103.912
974		103.975
975		104.883
976		104.944
977		105.009
978		105.07
979		105.135
980		105.196
981		105.261
982		105.321
983		105.387
984		105.447
985		105.512
986		105.573
987		105.638
988		105.699
989		105.764
990		105.825
991		105.891
992		105.951
993		106.016
994		106.077
995		106.143
996		106.203
997		106.268
998		106.329
999		106.394
1000		107.316
