t		Berechnungsdauer
0		0.057925
1		0.0920551
2		0.139132
3		0.171818
4		0.204928
5		0.236952
6		0.291804
7		0.324901
8		0.357324
9		0.387999
10		0.430701
11		0.460861
12		0.492014
13		0.522035
14		0.56695
15		0.596985
16		0.627037
17		0.657097
18		0.702699
19		0.732801
20		0.762845
21		0.7929
22		0.834693
23		0.865027
24		0.895019
25		0.926914
26		0.954253
27		0.981595
28		1.02116
29		1.04852
30		1.07584
31		1.10323
32		1.14263
33		1.17047
34		1.19782
35		1.22519
36		1.26422
37		1.29395
38		1.32131
39		1.34876
40		1.38611
41		1.41459
42		1.44182
43		1.4692
44		1.50784
45		1.53531
46		1.56274
47		1.59132
48		1.63052
49		1.65788
50		1.68931
51		1.7168
52		1.7441
53		1.78067
54		1.80834
55		1.83572
56		1.86303
57		1.89849
58		1.9299
59		1.95727
60		1.98456
61		2.02049
62		2.04814
63		2.07545
64		2.10272
65		2.13998
66		2.16772
67		2.19507
68		2.22237
69		2.2604
70		2.28824
71		2.31592
72		2.3435
73		2.37843
74		2.4086
75		2.43967
76		2.46695
77		2.4943
78		2.53509
79		2.56259
80		2.58987
81		2.61727
82		2.65149
83		2.6836
84		2.7109
85		2.73828
86		2.77443
87		2.80263
88		2.82997
89		2.85734
90		2.89392
91		2.92666
92		2.95466
93		2.98483
94		3.02924
95		3.05938
96		3.08942
97		3.11959
98		3.16053
99		3.19249
100		3.22655
101		3.25663
102		3.28668
103		3.33167
104		3.36174
105		3.39187
106		3.42194
107		3.46173
108		3.49224
109		3.52236
110		3.55247
111		3.59499
112		3.6254
113		3.65576
114		3.68609
115		3.72909
116		3.75914
117		3.78932
118		3.81942
119		3.86328
120		3.89337
121		3.92353
122		3.95361
123		3.99555
124		4.0256
125		4.06014
126		4.09025
127		4.12037
128		4.16466
129		4.19472
130		4.22483
131		4.25497
132		4.29809
133		4.32815
134		4.35823
135		4.38835
136		4.42867
137		4.46207
138		4.49209
139		4.52221
140		4.56521
141		4.59561
142		4.62595
143		4.65635
144		4.70054
145		4.7307
146		4.76074
147		4.79086
148		4.83462
149		4.86491
150		4.90138
151		4.93153
152		4.96154
153		5.00879
154		5.03882
155		5.06887
156		5.09892
157		5.14337
158		5.17329
159		5.2034
160		5.23346
161		5.27657
162		5.30659
163		5.33669
164		5.36673
165		5.41055
166		5.44054
167		5.47067
168		5.50067
169		5.54575
170		5.57578
171		5.60583
172		5.63592
173		5.68033
174		5.71169
175		5.74682
176		5.77687
177		5.80699
178		5.85452
179		5.88477
180		5.91476
181		5.94491
182		5.98654
183		6.01663
184		6.0467
185		6.07683
186		6.12023
187		6.15028
188		6.1804
189		6.21051
190		6.25212
191		6.28215
192		6.31221
193		6.34233
194		6.38365
195		6.41376
196		6.44383
197		6.47393
198		6.51508
199		6.54517
200		6.58077
201		6.61088
202		6.64093
203		6.68222
204		6.71223
205		6.74237
206		6.77243
207		6.82217
208		6.86455
209		6.90707
210		6.96499
211		7.0077
212		7.05061
213		7.11119
214		7.15376
215		7.1969
216		7.25492
217		7.29983
218		7.34245
219		7.40796
220		7.45053
221		7.49302
222		7.55486
223		7.59786
224		7.64044
225		7.68312
226		7.72546
227		7.78638
228		7.82873
229		7.87118
230		7.93496
231		7.97773
232		8.02018
233		8.08406
234		8.12652
235		8.1691
236		8.2266
237		8.26974
238		8.31212
239		8.36802
240		8.41539
241		8.45801
242		8.52265
243		8.56558
244		8.60844
245		8.66903
246		8.71155
247		8.75429
248		8.81249
249		8.85833
250		8.89514
251		8.9314
252		8.97788
253		9.02283
254		9.05893
255		9.10862
256		9.14675
257		9.1829
258		9.23081
259		9.26799
260		9.30406
261		9.3525
262		9.39052
263		9.42664
264		9.47834
265		9.51441
266		9.55059
267		9.59952
268		9.63711
269		9.67338
270		9.72046
271		9.76011
272		9.79621
273		9.84657
274		9.89039
275		9.92955
276		9.96579
277		10.0123
278		10.0534
279		10.0896
280		10.1256
281		10.1753
282		10.2115
283		10.2478
284		10.2967
285		10.3372
286		10.3738
287		10.4241
288		10.4645
289		10.5013
290		10.5536
291		10.59
292		10.6263
293		10.6734
294		10.7198
295		10.7564
296		10.8091
297		10.8456
298		10.8819
299		10.9337
300		10.9724
301		11.0086
302		11.0574
303		11.095
304		11.1312
305		11.179
306		11.219
307		11.2554
308		11.303
309		11.3436
310		11.3798
311		11.429
312		11.4683
313		11.5053
314		11.5497
315		11.5939
316		11.63
317		11.6806
318		11.7224
319		11.7586
320		11.8108
321		11.8479
322		11.8844
323		11.9333
324		11.974
325		12.0117
326		12.0479
327		12.0982
328		12.1354
329		12.1716
330		12.2276
331		12.2637
332		12.2998
333		12.3521
334		12.3907
335		12.4269
336		12.4833
337		12.5194
338		12.5557
339		12.6009
340		12.6444
341		12.6806
342		12.7279
343		12.7681
344		12.8042
345		12.8527
346		12.8934
347		12.9297
348		12.9768
349		13.0212
350		13.0537
351		13.0838
352		13.1138
353		13.1567
354		13.1868
355		13.2169
356		13.2469
357		13.2894
358		13.3195
359		13.3497
360		13.3798
361		13.4207
362		13.451
363		13.4812
364		13.5113
365		13.553
366		13.583
367		13.6131
368		13.6431
369		13.6841
370		13.7143
371		13.7444
372		13.7744
373		13.8149
374		13.8452
375		13.8776
376		13.9076
377		13.9377
378		13.9804
379		14.0104
380		14.0404
381		14.0705
382		14.1139
383		14.144
384		14.174
385		14.2041
386		14.2483
387		14.2783
388		14.3083
389		14.3384
390		14.3826
391		14.4127
392		14.4427
393		14.4729
394		14.511
395		14.5476
396		14.5776
397		14.6077
398		14.6514
399		14.6815
400		14.7155
401		14.7458
402		14.776
403		14.8189
404		14.849
405		14.8792
406		14.9093
407		14.9518
408		14.982
409		15.0124
410		15.0425
411		15.0838
412		15.114
413		15.1442
414		15.1742
415		15.2152
416		15.2455
417		15.2756
418		15.3057
419		15.3498
420		15.3802
421		15.4108
422		15.4408
423		15.4849
424		15.5158
425		15.5496
426		15.5797
427		15.6098
428		15.6548
429		15.6849
430		15.7153
431		15.7455
432		15.7839
433		15.8169
434		15.847
435		15.8772
436		15.9193
437		15.9494
438		15.9796
439		16.0098
440		16.0525
441		16.0828
442		16.1129
443		16.1431
444		16.1858
445		16.216
446		16.2468
447		16.277
448		16.32
449		16.3503
450		16.385
451		16.4152
452		16.4453
453		16.4938
454		16.5247
455		16.5549
456		16.5851
457		16.6259
458		16.6561
459		16.6863
460		16.7165
461		16.7617
462		16.7919
463		16.8221
464		16.8523
465		16.8977
466		16.9284
467		16.9592
468		16.9895
469		17.0333
470		17.0635
471		17.0942
472		17.1444
473		17.1999
474		17.2424
475		17.283
476		17.3255
477		17.3865
478		17.429
479		17.4716
480		17.5298
481		17.5741
482		17.6165
483		17.6779
484		17.7205
485		17.7631
486		17.8231
487		17.8677
488		17.9101
489		17.9685
490		18.0115
491		18.0539
492		18.1183
493		18.1607
494		18.2048
495		18.2619
496		18.3054
497		18.3478
498		18.4039
499		18.45
500		18.4939
501		18.5364
502		18.6001
503		18.6427
504		18.6809
505		18.7311
506		18.7683
507		18.8054
508		18.8568
509		18.8953
510		18.9316
511		18.9759
512		19.0202
513		19.0565
514		19.1028
515		19.1477
516		19.1841
517		19.2205
518		19.2742
519		19.3103
520		19.359
521		19.3965
522		19.4327
523		19.4844
524		19.521
525		19.5604
526		19.5967
527		19.6469
528		19.6896
529		19.7257
530		19.7786
531		19.815
532		19.8515
533		19.9029
534		19.9392
535		19.9755
536		20.0243
537		20.0624
538		20.0986
539		20.1451
540		20.1886
541		20.2249
542		20.267
543		20.315
544		20.352
545		20.3997
546		20.4384
547		20.4745
548		20.5262
549		20.5628
550		20.598
551		20.6289
552		20.6591
553		20.7015
554		20.7361
555		20.7664
556		20.7967
557		20.839
558		20.8689
559		20.9004
560		20.9304
561		20.9706
562		21.0007
563		21.0308
564		21.061
565		21.1049
566		21.139
567		21.169
568		21.1991
569		21.2449
570		21.2754
571		21.3056
572		21.3356
573		21.3816
574		21.4117
575		21.444
576		21.474
577		21.5042
578		21.5483
579		21.5784
580		21.6084
581		21.6385
582		21.6787
583		21.709
584		21.7392
585		21.7694
586		21.8126
587		21.8427
588		21.8728
589		21.9031
590		21.9448
591		21.975
592		22.0052
593		22.0354
594		22.0766
595		22.1071
596		22.1372
597		22.1673
598		22.2123
599		22.2424
600		22.2749
601		22.305
602		22.3351
603		22.3792
604		22.4092
605		22.4393
606		22.4695
607		22.5144
608		22.5445
609		22.5746
610		22.6047
611		22.6497
612		22.6798
613		22.7099
614		22.74
615		22.7828
616		22.8129
617		22.8431
618		22.8731
619		22.9186
620		22.9487
621		22.9789
622		23.0089
623		23.0479
624		23.0971
625		23.1283
626		23.1584
627		23.1884
628		23.2357
629		23.2669
630		23.2973
631		23.3277
632		23.3742
633		23.4058
634		23.4358
635		23.4659
636		23.5108
637		23.541
638		23.5714
639		23.6016
640		23.6462
641		23.6761
642		23.7062
643		23.7362
644		23.7789
645		23.8095
646		23.8399
647		23.8704
648		23.9129
649		23.9434
650		23.9767
651		24.0068
652		24.0368
653		24.0779
654		24.1079
655		24.138
656		24.168
657		24.2077
658		24.2381
659		24.2683
660		24.2983
661		24.3411
662		24.3711
663		24.4013
664		24.4313
665		24.4736
666		24.5036
667		24.5337
668		24.5638
669		24.6045
670		24.6346
671		24.6647
672		24.6949
673		24.7389
674		24.7691
675		24.8159
676		24.8584
677		24.9182
678		24.9612
679		25.0042
680		25.066
681		25.1091
682		25.152
683		25.213
684		25.2564
685		25.2997
686		25.3609
687		25.4043
688		25.4476
689		25.5083
690		25.5515
691		25.5942
692		25.6533
693		25.6966
694		25.7393
695		25.7978
696		25.8407
697		25.8837
698		25.9417
699		25.9841
700		26.0283
701		26.0708
702		26.1355
703		26.1778
704		26.2204
705		26.2808
706		26.3231
707		26.3656
708		26.4247
709		26.4674
710		26.5099
711		26.5657
712		26.6083
713		26.6507
714		26.7092
715		26.752
716		26.7945
717		26.8503
718		26.8965
719		26.9393
720		27.0073
721		27.0642
722		27.1367
723		27.2109
724		27.2922
725		27.3528
726		27.4358
727		27.4998
728		27.5777
729		27.6535
730		27.7247
731		27.7896
732		27.8608
733		27.934
734		28.0016
735		28.0728
736		28.1422
737		28.2199
738		28.3082
739		28.3669
740		28.444
741		28.5078
742		28.5756
743		28.6457
744		28.7047
745		28.7863
746		28.8445
747		28.9127
748		28.9922
749		29.0683
750		29.1163
751		29.1683
752		29.2452
753		29.3065
754		29.382
755		29.4555
756		29.5087
757		29.5806
758		29.6385
759		29.6971
760		29.7641
761		29.816
762		29.8879
763		29.9404
764		30.0066
765		30.0667
766		30.1182
767		30.1925
768		30.2443
769		30.2961
770		30.3664
771		30.4181
772		30.479
773		30.5468
774		30.6084
775		30.6534
776		30.6959
777		30.7526
778		30.7976
779		30.84
780		30.9036
781		30.9482
782		30.9916
783		31.0536
784		31.0965
785		31.1395
786		31.2055
787		31.2476
788		31.2899
789		31.3474
790		31.3926
791		31.435
792		31.4959
793		31.5384
794		31.5809
795		31.6398
796		31.6821
797		31.7246
798		31.7846
799		31.8272
800		31.8709
801		31.9142
802		31.9692
803		32.0127
804		32.0551
805		32.1052
806		32.1515
807		32.1944
808		32.2564
809		32.2992
810		32.3417
811		32.4053
812		32.4479
813		32.4906
814		32.5491
815		32.5918
816		32.6346
817		32.6908
818		32.7361
819		32.7789
820		32.8398
821		32.8838
822		32.9264
823		32.9854
824		33.0279
825		33.0636
826		33.1
827		33.1436
828		33.1894
829		33.2257
830		33.262
831		33.3188
832		33.355
833		33.3939
834		33.4417
835		33.4849
836		33.5213
837		33.5713
838		33.6092
839		33.6455
840		33.6959
841		33.7374
842		33.7775
843		33.8264
844		33.8641
845		33.9008
846		33.947
847		33.9911
848		34.0277
849		34.08
850		34.118
851		34.1544
852		34.2035
853		34.2439
854		34.28
855		34.3274
856		34.3702
857		34.4065
858		34.455
859		34.4937
860		34.5299
861		34.5804
862		34.6253
863		34.6616
864		34.7069
865		34.7476
866		34.7837
867		34.8333
868		34.8778
869		34.9141
870		34.9598
871		35.0059
872		35.04
873		35.0701
874		35.1108
875		35.1441
876		35.1741
877		35.2042
878		35.2492
879		35.2793
880		35.3096
881		35.3398
882		35.3844
883		35.4143
884		35.4444
885		35.4744
886		35.5234
887		35.5536
888		35.5838
889		35.614
890		35.657
891		35.6872
892		35.7173
893		35.7475
894		35.7929
895		35.823
896		35.8532
897		35.8833
898		35.9247
899		35.969
900		36
901		36.0301
902		36.0601
903		36.1012
904		36.1311
905		36.1612
906		36.1913
907		36.2359
908		36.266
909		36.2962
910		36.3264
911		36.3702
912		36.4008
913		36.4312
914		36.4617
915		36.5054
916		36.5354
917		36.5655
918		36.5954
919		36.6403
920		36.6704
921		36.7005
922		36.7305
923		36.7753
924		36.8053
925		36.8356
926		36.8629
927		36.8902
928		36.928
929		36.9553
930		36.9827
931		37.0101
932		37.0467
933		37.0781
934		37.1054
935		37.1329
936		37.1686
937		37.2021
938		37.2295
939		37.2578
940		37.2958
941		37.3231
942		37.3504
943		37.3778
944		37.4146
945		37.445
946		37.4724
947		37.4998
948		37.5385
949		37.5659
950		37.5965
951		37.6239
952		37.6513
953		37.6887
954		37.7161
955		37.7435
956		37.7709
957		37.8068
958		37.8378
959		37.8652
960		37.8925
961		37.9327
962		37.9605
963		37.9879
964		38.0152
965		38.05
966		38.081
967		38.1086
968		38.136
969		38.1732
970		38.2006
971		38.2281
972		38.2554
973		38.2924
974		38.3219
975		38.3529
976		38.3802
977		38.4076
978		38.4452
979		38.4744
980		38.5018
981		38.5292
982		38.5665
983		38.5987
984		38.6262
985		38.6537
986		38.6908
987		38.7203
988		38.7477
989		38.7751
990		38.8155
991		38.8428
992		38.8701
993		38.8974
994		38.9351
995		38.9637
996		38.9922
997		39.0223
998		39.0641
999		39.0945
1000		39.1281
